-0.09104938
1.0888271
-0.1571899
0.47981647
-0.009429944
0.015331628
-0.31284383
1.443234
0.26322386
1.0256726
-0.09029328
0.43037885
-0.13482928
0.038624395
0.49994516
0.5854828
0.6088389
0.22327492
1.0804375
0.4710173
-0.309417
0.43467787
0.34559765
0.42095998
-0.046444755
-0.087291874
0.79451025
0.022597896
0.048082724
0.30457386
0.4720957
1.1302803
0.057876848
0.31611747
0.56585044
-0.28566208
0.55273885
0.67486876
0.5092287
-0.33843055
0.09534847
0.10400902
0.036522053
0.18755007
-0.03446518
-0.021314414
0.47735003
1.2346355
0.48251957
0.9604271
-0.05577582
-0.108481064
-0.12862724
0.10782677
0.5646188
0.22303674
0.06496809
0.7664049
0.020131117
0.62166774
1.0408865
-0.41753247
-0.45228603
0.19107679
