11110100
01111111
11101100
00111101
11111111
00000010
11011000
01111111
00100010
01111111
11110100
00110111
11101111
00000101
01000000
01001011
01001110
00011101
01111111
00111100
11011000
00111000
00101100
00110110
11111010
11110101
01100110
00000011
00000110
00100111
00111100
01111111
00000111
00101000
01001000
11011011
01000111
01010110
01000001
11010101
00001100
00001101
00000101
00011000
11111100
11111101
00111101
01111111
00111110
01111011
11111001
11110010
11110000
00001110
01001000
00011101
00001000
01100010
00000011
01010000
01111111
11001011
11000110
00011000
