11110101
11100111
00100111
11101010
00011011
00000011
00110011
00000001
11101100
11101100
00011000
11111101
00000111
11110111
11101100
00100010
00011110
00101100
00010011
00010000
11110111
00011100
00011011
11100100
00000110
11100110
11111111
11111001
00010101
00001010
00010100
11101010
11110010
11111010
11110011
11110001
11101111
11111011
00000000
00000111
11111000
11100111
11110011
11110011
00000001
11101000
11110010
11101001
11101010
11110110
11101110
00100001
11100111
00100011
00011100
00000100
00011011
11100101
11111001
00011110
11011101
00000111
00100010
00100100
00011101
11110010
00010101
11011101
00011100
00000001
00011001
11101011
11100100
11101101
00100001
00000111
00010010
00011011
11101100
11100101
11011111
00011100
11011100
00011100
11011110
11111111
00010100
11100011
00100100
00101111
11101101
00001111
00100111
00000011
00001100
11100100
00011001
00001010
00001000
11011011
11101110
11100011
00101000
00001000
11111001
00000010
00100101
11110010
11101101
00100111
11100110
11101010
11110101
11100110
00010101
11101000
00101011
11110001
11111000
11100100
11100100
11111110
00010011
11100100
00010100
11101001
11110110
11100111
11100111
00000101
11110100
00001010
11101100
11101011
00001001
00010010
00001111
00001011
11101111
11111011
00100010
00000010
00001110
00000100
00000110
00011011
00010101
00011001
11111100
11111000
00101110
00000010
11110010
11111110
00010101
11101000
11110001
11110010
11101000
00100100
11100101
11101001
11111110
00001010
00110101
00001110
11111101
11111011
00001000
00000001
11101010
00101000
11111101
11110000
00010010
00001010
11111001
00101011
11101110
11101001
11101011
11110000
00010110
11111110
00110001
00000111
11110001
00011011
11101011
00000111
11110001
00001011
00010011
11101111
11110010
11110110
11111011
11111000
11101000
00110101
11111111
00011001
00000000
00001110
11111010
00000100
00010000
11011110
11100100
11101010
11100100
11111010
00000101
11101111
11110111
00000110
11100110
11111111
00001011
11101001
11101101
11110100
00011010
00001011
11101001
00000111
00100011
11111100
00010111
11101110
11111001
00100001
00000100
00010000
11110110
00011000
11110001
11110110
11110100
00011100
00000001
00001101
11111000
00001100
00001010
00010000
00000011
00000111
00001001
00010111
00000100
11101101
00011001
00010100
00100000
11101100
11101011
01000101
11110010
00011010
11100100
11110111
11111101
00100010
00010000
00000010
11111010
00000001
11111111
11111000
00001100
00000000
00000001
11110101
00111011
00001010
11101110
11111001
11111011
00010000
11101110
11110101
00110001
11110011
11100100
11111000
11110100
00001100
11111100
11111111
11111001
11110100
11111110
00110010
11110000
00000110
11101101
11110001
00000101
11101001
00011001
11111001
00101000
00010000
11111001
00100001
11111101
11101110
11111001
11101110
11101110
11110000
11101000
00000010
00000001
00001000
00100001
11100110
00001011
00001100
11111011
11101010
11111111
11101011
00000100
11101101
11110110
00100110
00000100
00010001
00001000
11101100
11111110
00010011
00100101
00000101
11111000
11100100
11110101
11011110
11101001
11100111
11011111
00010011
00000010
11101110
11101010
00000010
11110001
11110000
00101001
11101011
00001011
00001111
00101001
00001100
00011000
11110110
11101010
11101010
00100011
00000100
11111010
00001110
11111101
11110001
00000111
00010110
11100010
00100110
11111000
11101101
11111001
00101001
11011101
00100001
11110011
11110001
11101001
11111001
00100111
11100110
11101101
11110000
00000100
00010111
11110000
00010001
11110110
11111110
11100100
00100001
11100011
00111010
11101111
11110000
11101111
11100101
11111110
11101110
11101001
00000001
11101000
11111010
11110100
11100111
11111100
11101110
11110111
11111001
00100000
00001011
00001100
11101010
11110010
01000010
00000011
11101110
00000001
11110000
11101011
11101111
00100111
11011110
00000100
11111000
11101110
11101010
11101111
11110100
11110011
00111010
00100100
11110100
11110010
11111100
11111010
00000001
00100101
00010101
00010101
00101110
11101001
11101111
00001111
11111001
00011001
11101111
11111100
11111110
00011110
00101011
11111111
11111000
00010100
11100100
11111100
11101100
00001111
11110001
00011110
00011011
00100001
11110110
11111011
11101101
00110001
11110010
00001011
11110000
11110101
11111101
11101100
11101110
00000100
11110101
11101101
11111110
11111011
11011110
00011001
00000000
11101111
00101100
11110010
00110011
11100010
00010000
00010111
11110111
00010110
11110101
00111001
11111010
00101010
11101010
11110000
00000011
11111000
11111000
11100110
11111011
11101001
00010111
11110100
11100011
00011011
11101110
00001000
11110111
00000011
01000111
00001010
11111011
11100010
11101110
11111101
00100000
11101110
11111011
00010011
11110110
11100110
01000000
11111100
11100110
11110001
00101001
00100110
11111111
00010000
00100001
00000101
00100010
00010011
00010111
11110010
00001011
11111001
00010001
11101111
00101101
00011110
11111110
11101010
00110110
11100110
11110101
11110011
11110111
11110101
11110100
11101010
00111100
11111101
11110111
11110100
00011111
11110100
11110000
11111000
11111000
11110110
00001111
11111000
11100110
00100000
11101101
00001001
11111101
11111111
00011100
11100110
00001100
11011011
11111000
00101001
11100011
00010101
00000010
00101011
00101110
11110100
11101010
00101100
11100110
00001001
11100111
11101011
00011001
11101100
11111011
00000100
11101111
11101011
11100100
00100011
11101011
11011111
00101111
00011101
00011001
11101011
00101010
00010001
11110001
11111100
11101100
00010100
11101100
11111000
00000100
11110110
11101011
00001100
11111101
11100010
11101010
00011011
11101101
11101001
00010101
11101001
11100100
00110011
11101101
00101000
00100010
00001101
11111010
11100001
11100111
11101100
00100010
00100000
11111001
11101100
00011100
11101010
11110001
