000000001111101111111011000101000001100100010101111101001111010011101101
000000001111110011111000111110111111110100000110000111100001100000100011
111101011111000100000001111111111111010000000110000000101111010011110110
111011011111001000000100111001011101111111101110111110011111110100001010
111111110000000000000000000000010000000000000000000000000000000000000000
111011001110001111011011111101001111111111111010111011110000110000000111
000000010000000000000000000000000000000000000000000000000000000000000000
000000000000000000000000000000001111111100000000000000000000000000000000
000001000000011000000111000001000000011000000101000000100000000000000001
000001010000101100011001000001110000011100010110001100010011101100111101
111000001101110111011101111001001110110111111010000000110001001100010101
111110001111100011111110000000111111101000000010111101001111000111111111
111011101101100111100010111100111110100111101000000000000000001111101101
001001010001111000010110001000100010010100100000000000111111011111101111
111001111110010111011010110110111100110111000101000000001111111111110001
111111111111110100000101111111011111001100000110000110000001000100100000
000110100001100000000100000011000010011100110001110110011101111011001101
110110101101100111011010001000000001110100001101000101010001000100010101
001000100001001100001000000111100001010100000000111100010000010011101000
111010101101100011101110111001011101111011101101111010010000001111111111
000000000000000000000001000000000000000011111111111111110000000000000000
000000101111110000001010000111100010001000100111111110000000101011111100
000000000000000100000000000000001111111100000000000000010000000000000000
000000000000000000000000000000000000000000000000111111110000000000000000
000010010000100100000101000001010000000000000100111110111111010111110111
111101001101010011110010000011111111111100010010000001111111111011110110
111010001101011111111011111101101110010100010111001000000000111000010011
000010110000101100010010111010111110001011101111111100101111111000001011
000010010001000100001100000110100001110111110101111100001110101111011011
000100100010110000011110000010100001011100010011110010001011111011011100
110101111101101011101001111101001111100100000111000100100000111000100000
111001111111100111110100000011000001000000001011000011100000011100000010
111111110000011000001101000110100000100100011101111000101101100011101101
111101011111101111110000111110010000010011111011111100001111100011110110
111100100000001000001011111110000000101000010001111101011111001011111011
000101100001011000010100000111100001011100011010111110101111011111110101
000000000000000000000000000000000000000000000000000000000000000000000000
111100111111110111110101000110110001010100000101000001101111010011110010
111111110000000000000000111111110000000000000000000000000000000000000000
000000001111111100000000111111110000000000000000000000000000000000000000
000000000000001000000001000000100000001100000100111110101111100111111011
000100010001000000001010111111101111111100000001111000111101110111100000
000000010000010100000000111100101110101011110000110100101100111111010100
000001010000110000001010001011010010111100101100111111101111111100000000
111110011111110111110110000000010000010111111010111100011110111011101011
000010010000100000000101000111110001101100011001110111101101011011011011
000001100000001000000110000001010000001100000011111011111111001111101111
000000010000101000000011000001010001100000011011111110010000010000001000
001001110011101100110111110011011100110111010000101011001010001010110000
111111010000001100001100001001010001001100011011111100101110110100000010
001001010000011100000010111010111111010011011111111101100000010011101110
111010111110010111101001111101111111110100001000111111100000101011111100
000000001111111100000000000000000000000000000001000000000000000000000000
000011110001010000101001111001111111001111100011111010001111011111110011
111111110000000100000001000000000000000000000000111111110000000011111111
000000000000000000000000111111111111111100000000111111110000000100000000
000001100000011000000101111101111111001011111000111111001111011111111010
000011011111101100001101111100110000101011110101110100101110011111101011
111001001110111000000100000011000000101000010001000101001110010100011001
000101100000100000001010111010101110000111111101000100000001111100010101
001111100011111000101010111111011111001011011101110100111011011011000100
001100000011110000101001101110011010101111000100101101111010011111001010
111111100000000100000111000011110000000100011110111100101110001111101110
001011000001110100011011111010011100011111011000111100001110011111100000
000011000000010111100001111011101111000000111001000011000001010011100011
000001111111111000000010111101011110111111110100111001001110110111011101
111111011101111011101010111011011110001111110011111010101101100111110010
111101101110100111111010111101001111000011101101111001011110110111110011
000000000000000000000001000000000000000011111111000000000000000011111111
110110111101101111010101110011101101001011100001110011001101000111011011
000000001111111100000001000000000000000111111111000000000000000000000000
000000000000000000000000111111110000000011111111000000000000000000000000
111111110000000111111101000000000000001100000010000000010000010000000010
000101101111000100000011111101000001001011111010000101011111101111111001
111001111111110000000110111011111110111111101011111010000000011011111101
000001001111111111111101000000010000001100000100000001010000100000001001
001011001111001001001101111001110010100011111000001101010000011100010111
000101100000010000001000111100100010010000010010000111100001001100010111
111100111110010011100010111111001111000011110010000010000001000000010000
000011100000000011110100111011011110110011110110111001001110000011011100
001100100000110011001001001001111111111111000000001000101111011010110100
111100101111010000000011111110011111011000000100111111010000000000001011
111111010001000100000000000000110000011111111111000010010001010011111101
111001000000010000000101111011010000101000000011111101010001001100010000
000000010000000000000000000000000000000000000000000000000000000000000000
000000001110010111111000111110001110000100000001111111111101111000001000
000000000000000100000001000000000000000100000001000000010000000100000001
000000001111111111111111000000001111111100000000111111110000000000000000
000000110000001011111110000000010000000011111101000001010000001011111110
110011000001100100101101110011100001111000101000110011100001110000101000
110101110001010000100101110010110001011000101101110001010001011000100100
111011101111101011111100111010111111100111111111000001001111111100000100
000011011110011111001000000101001111001011000110000001001110111111010001
000111010001010011000010000100110000101111000000001001000001000111000101
111111101111001111110110000011011111000011101010000001010000000111110111
111101110001010011111110111100110000101000000001111001001111110111111111
000000001111111100000000111111110000000000000001000000000000000000000000
111111111111111111111111000000001111111100000000000000000000000000000000
000000000000000011111111000000001111111100000000000000000000000000000000
000000000000000000000000000000011111111100000000000000010000000011111111
000000000000000000000000000000000000000000000000111111111111111111111111
000000000000000000000000000000001111111100000000000000000000000000000000
111111110000000000000000000000000000000000000000000000001111111100000000
000000000000000000000000000000000000000100000000000000000000000000000000
000000000000000100000000000000000000000000000000000000000000000000000000
000000001111111100000000000000001111111100000000000000000000000000000000
111111110000000000000000111111110000000000000000111111110000000000000000
000000000000000000000000000000001111111111111111000000001111111100000000
000000000000000000000000000000000000000011111111000000000000000011111111
000000000000000000000000000000001111111100000000000000001111111111111111
000000001111111100000000000000000000000000000000000000000000000000000000
000000001111111100000000000000000000000000000000000000000000000011111111
000000110000110000001011111111000000000111111000110100111110001111100010
111000111110110011110011000010010000110100011100000101110000101100010100
110010011101010111101011110011111101111011101010110110011110100111101010
111111011111101000000011000001011111001100001010001011110010001100110010
000000010000000100000000000000000000000000000000000000000000000000000000
110011011100111011000111110110101101110111011001111010011111110011101001
000000000000000000000000000000001111111100000000000000000000000011111111
111111110000000000000000000000000000000000000001000000000000000000000000
000000101111111100000000111111111111110111111111111111011111101011111011
001010010000010100100110001100010001100000100100001010000001011100110100
111100101111110000000111111100011111101000000111000101111111011100100100
111101111111001011110101111110111110110011101100110101111101000111010011
001000010010101000100100000101010010110000010101000010001111110111101101
001010010010001100101110111010111111010011110111110010101011100011010101
111011001110010111010101000000000000111100001001111111100000111100000011
111100001111010100000001000100100000010000010001000111010000110100011011
110010101110011011101010111100000000010000000010111011011111100000000000
110101010000010011010011000000000010110111111111000000100011001000000100
111110011111111100000011000100100001000100010011000010010001011100000100
111111100000010111111101000011100000100100010001111111001111111111111110
000000001111111100000000000000000000000011111111000000000000000000000000
000000111111110111111000000010110001000100001111000011100001000100010000
000000001111111100000000000000001111111100000000000000000000000000000000
000000001111111111111111111111110000000100000000000000000000000000000000
111110111111110011111100000000110000010000000101111111011111110011111110
110000101101110111000011111110110000110100000011111001010000000011110101
110100011111010111011011001100110100011000110000111100010001010011111001
111011101111100011110010000010100000100100000110000010000001010100001011
111000111111001011100110111111010000001111110101000000010000010111110001
111010011110000111010001000010000000001011111111000010001111001111101011
000011011111011100001011000001111111001100001000111001101101100111100100
110011011111100011010111111110100010001011111111000010000011100100011001
000101111110110111100001111101110000001011111111110100100001111101001010
000010011111011000010010111110001110101011110111000000100000011111110100
000000001110111011111010111101111111000100000010111100011110110000010000
000100010001001100000111000000010000111111111000000000010000010011110110
000000000000000000000000000000000000000000000000000000000000000000000000
111111001111100000000110000101001111011011110001001100010001000011111100
000000000000000100000001000000010000000000000000000000000000000100000001
111111110000000100000000000000000000000011111111000000001111111100000000
111110111111101111111100111111011111111100000001111111011111111100000000
000010001111001000000010111010110000110111100000111011010001110111111101
000100101111010111111001111100101101000100000010111011101111111100001001
111111111111111011111110111101011111110011111111000000000000110000000001
000001011111110100001110000011011111110111101000001100100001101100001000
110111101110110100000101111111010000100111111001000110110000011111101000
111111000001011000011000111100111111110100010011110100101101100011101001
000010111111000111111010111110001111111111111110111101000001110000001101
000111110000010100010011000001101110000100000111000001011110110011101100
111011101111001011110000111110110000001111110100000010110000111000000001
111111110001001111111101000000100000110011111110000000100000011011111111
001010110001110100001110111111001111000111110100000100110000111000010101
000000000000000100000001000000010000000100000000000000000000000100000000
000101110000010000000100000010110000100111111011111110000000011100010000
111111110000000000000000111111110000000011111111000000000000000011111111
000000010000000100000000111111110000000000000000000000001111111100000000
000000101111111100000000000000001111111011111111000000011111110111111111
000110010000100000000000000001101111011111111101000001001111110100001000
000111000010001000101001111011011110101111101101111011011111010111100101
111110101111100111110000110100001100101011000111110100001100111011010001
000111010001111100010001111110100000010011111001111100101111100011111010
000011110001000111111101111011000000001011101111111011010000000011110110
010000010011011101001001111111001110110011110011110110001100011111001111
111100111111110111110011111110110000000011111000000001000000011100000011
000010110001111000010100000001110001001100010001000101110001001100011010
000011100000000011111000000100110000011100001101000100110000001000000100
000001011111101100000111000000001111101000001101111110110000000000010100
111110001110110000000000111100001110101011111000111000011111010111101101
000000000000000100000000000000001111111100000001000000000000000000000000
001101110001111100011101000100110000001111111110000111101111010111110110
000000000000000000000000000000000000000100000000000000000000000000000000
000000000000000000000000000000001111111100000001111111110000000000000000
000000010000001011111110000000010000010100000010000001010000100100001000
110001101101001111011000110101001101001111011011110000001101011011001101
111111011111110111111100000001110000010000000011111001101110101011100110
111111111111101111111111111001101110100111100100110100101110001111011000
111111000000000000000001000011100000100000000100000001101111011011110101
000010000000110000000001000010100001000000000101001100110010110100110111
111111101110000100000011111110111111000111111111000000010000100000001001
000100010000010000010111000101100000111000011111000011010000101100011010
000101011110011011111101110111000010111111100100001000001110110000100010
000001100001010100000011000000110000011000001111000100010000101100000110
111011110000001100000111000000010000000100000000111110001111110000000001
000000011111010111110000111011001111111011110111111101011110110111100001
000000010000000100000000000000000000000000000000000000010000000100000000
111011111101110000000101111000001110101111100100111000111101100011100010
000000000000000000000001000000000000000100000001000000010000000000000000
111111110000000000000000000000000000000000000001000000000000000000000000
111111111111111111111110000000000000010100001001000000110000001100000101
000010011111100011100110111100011111110111110110000000101111000111101110
111110110000011100001011000010110000001111111100111011010000000100001010
000000101111111111111101000001010001010000001101000100100001010000001001
001010010110000011110000001110001101001001010101111110000100000000001001
000000110010001111011101000000001110011101001001000001010001111111111010
111110000000011000000110111100110001010000000111110100011110010011011110
111111111111111000001000111111001111111011110111000000001111110111110111
111100111111101111011101000010000001100100010001111101110000110100000110
111101111111111011111110111111000000010100001011111111100000101000001111
111011011111010111111010000000010000001100001011000010111111111100001001
000010111110110100000110110110001101010111011100000011010000000000100010
000000010000000100000001000000010000000000000000111111111111111100000000
110001111111000011010111111100001111100100001100111110000000000100010111
000000001111111100000000111111111111111100000000000000000000000011111111
000000000000000000000000000000000000000000000000000000000000000111111111
000000101111111000000100000010010000001100001100000010100000011000001010
010100100011000100111101101001101001100110111111000100111111010000011100
111110011110111111111010111010001101011111110000000111101111110000010110
111110011111001100000011111000111110010011101011111001001101111011101010
110011101111001111101111110111011110000111010110111001001111000011101101
000001100000011011111001001010000010011100011000001100010010110000011101
000011110001100100001110000001110000110000000011111101001111100011100011
000000001111110111111011111010011110011011100110000001010000011000000100
000011100001010100100010111110010000010100100101000011110001000100101000
000111011111101111110000000101011111110111110101000010111111100011110111
111101011110001111111110111101001100110011111100111110111100101100000010
111110101111100100010100111110001111101000010110111101001111111000010000
000000000000000000000000111111110000000000000000000000001111111111111111
000100010000001111111110000000010000000111111100111110101111111011111000
000000000000000000000000000000000000000000000000000000010000000000000001
000000001111111100000001000000001111111100000000000000000000000000000000
000000010000000000000001111111011111111100000000111111101111111000000001
111000110000000000010101111010101111111100100001111010111110110100010011
000001100000011111110110111110000000110000011111110111111111010000001001
000000100000000011111110111101111111010111111101111111001111101000000100
111110101111011100000011111011011111011100000100110110001110011111111111
111101001111001111111000111000101110101111110001110111101101100111110111
110010101111000001101101110010011110110001000100110011001110110100111111
000110011111110011110001000111001111111011111011001000111111101011111010
111011011111001011111000110100101110001011101101110101001110100011110111
000110110000000100001001000101110000000100001111000000101111001111110111
000000010000000011111010111110011111011111110101111110001111010111111000
000100010000000000010110000000011111010111111001111011011111010011101100
000000000000000000000000000000001111111100000000111111110000000000000000
000010110000110000000111000000100000000100000111111100011111101100000000
000000000000000000000000111111111111111111111111000000000000000000000001
000000000000000000000001000000010000000000000000000000010000000000000000
000000101111111100000001111111011111110011111110111111101111110011111110
001001100001000000101001000001100000001100000001111011001111100011110100
001000100000110100001110000110000000100000001100000010100000101000001010
000011010000011000001111000100100000101100010001001011000011001000101100
110100001101100011010001110100111100111011000111110101101100111111001011
111110001111011011110101110111101101001011011101111011101101111111100111
000010000001001000001110111010101110110111101010111110001111100011111000
000000101111101000000011111101111110110011110101000010100000010000001001
000000111111011111110000000110110010001000000100000101100010001000010111
111100101111100011111001110111011110001111100001111100111111111011111110
000010010000110000001100111111000000001000010000111101001110111100011000
111001001110000011100001111111101111101111101100001001000001100000100101
000000000000000100000000000000000000000000000000111111111111111100000001
111111111111011100000100000011110001010100010110000000110000000111110011
000000001111111100000000000000001111111100000000000000000000000000000000
000000001111111100000001000000001111111111111111000000000000000100000000
000000110000001000000001000000110000010000000010000000110000100000000110
101101101010111110110100110111001101111011101001000110010001110000101000
110000001011101111000001111000001110000111100000111111111111111011111101
111111111111111100000001000100110001000100001111111101101111010011111001
111000111101000111011100111111011111101111111101111111110000010000001010
111111011111101011111100000001100001011000011110111110010000111100011011
110010111100101011001000111111001111101011101100010000100100001101000000
111100001111101111110110111100111111111111111000000100100010010100011001
110000101111011011111011101001110000001100010001100101000000111000011100
111111111111001011101011000100010000111011101111000100000000101011110011
111111011101001011110111000000001101010000001010000001001101100100010101
111101001111110000000001111010011111011011111001111010000000000000001001
111111110000000011111111111111110000000011111111000000000000000000000000
111010110010001000100000111100010001000100001010111011110001101000000110
000000001111111100000001000000000000000000000000000000001111111100000000
000000000000000011111111000000000000000000000000000000000000000000000000
111110100000011100000011111110110000100000000011111110110000101000000110
001001110000111011011011000110100001100011100111000011000010100111110001
001001010000001000000111001001100001000011110010000100110001000011100011
111101101111001111110001111011111110110011100110111111110000001000001010
110111110001111100100010110000000001100000011011101001101111011000010000
110001010001010100100100101110011111111000001100101010001111111100100010
111001111111101100000010110111001111100100010110110110001111000000001111
111111101111001011101000000001011111101011110011111111011110111111101010
001100000011001000010000000011111111001011101000110111101101000111001110
111100101110110111101110111000111110101111100111000001110000001100000111
000000010000101011111101000110010000011111111101000111100000110000000000
111011111110101011100001000010011111010011100010111011111110100011100010
000000000000000011111111111111110000000000000000000000000000000011111111
000011111110100111101011111110001101001111100000111101101101010011011101
000000000000000000000000000000000000000011111111000000000000000011111111
000000000000000000000000000000000000000000000000000000000000000000000000
111111110000001100000001111111100000000100000001111111100000000011111111
000001110001101100011111111010111111101011100101111111100000010100000101
000010001111100000001011111101000000001011110101111111011111100011011010
111110000000001011111001000001001111101011110111000010110000011000000101
000000110000101100000111000000001111111011101001111011011101001011000011
000010010001111000011111000001111111111011110110111101111110110111011001
000001110000011000000001000001001111000111110001000001001111001011110010
111010111110111111101001111000011111000011111010111110001111101100000011
001011010011001100011111000000000000100011111101110111111111110111011001
111100101111011111110001111000111110010011100110111011001111000111111000
000001011111101000001101111011001110010111111000111001011110010011111110
111001101110011111101111000010010000110100001001000011100001000000011001
000000001111111100000000000000000000000000000000111111110000000011111111
111100110000000000010111111000001110011111111011111000001110010011101000
000000010000000000000000000000000000000000000000000000000000000011111111
000000000000000000000000000000000000000000000000111111110000000000000000
000001100000100000001010000000010000000000000100111111110000000100000010
110110101110000111100011000001100000010100000011000110010010000100101010
110101111101010111001101111011111110111011100101111101110000000011110010
111110101111101111111010000010010000101000000110001000010001110000011000
111001101110101011100000111011011111000111101100111010111110111011101011
010010000101001100111101000111110001011000010010000000010000110000001001
000100010000000100011010000000111111010011111000000001011111010111101110
111011011110010011110010111010011101111011101110111101001110110111110111
110010001100101111110001110111011101001111101011000101001111010011111111
000000110000010000000011111111111111110011111100000011000000011100000111
111101101111110011111100000000011111011011111110000010001111111011111110
000100111111001111110111111110101110111011101110000010001110100111101111
000000010000000000000000000000000000000000000000000000000000000100000000
001001011111010111111101000011111110110111111111000011011110101100000100
000000001111111100000000000000000000000100000000111111110000000011111111
000000000000000000000000000000000000000000000000000000001111111100000000
111111001111101111111110111111101111110111111110000000101111111111111111
000100011110010111110000111010111110010011011100111111111101101011011110
110011101100110011000100110100101101000011010000000010001111011011111011
111111101111101011111101000001001111111100000000000111010000110000001100
111000001100110111010000111010101100111111001101000111111110101111110010
111111101110000111010100000000011110100111100001001001100000001011101001
000010000000000000001010000000001111100111111110000101010000100100001111
111110011111101100001110111110011111101000001110000100110000111000100100
111010011110010111101010111001111101110011011111111000101110111011101100
000100000000001100011000111111111111011100000101111010011110100011100111
000110000001000111110100000100000001000011111010000011000000101111111101
111110001111101111111111111001111110110011101010111110101111101111110110
000000010000000000000000000000010000000000000000000000000000000000000000
000001100001111000100100111111110000000111111011111110101111110011111101
000000001111111111111111000000000000000100000000000000000000000000000000
000000000000000000000000000000000000000000000000000000000000000000000000
111111001111101111111101111111011111110111111101111111111111111111111110
111101011110110111111101110101111101010011010110110011111101001111010001
001100010011000100110100000000011111001100001010111001001101110111101000
111111011111101111111111000010010000110000001110001001000010110100101010
111011001111100111111100111010111110101111100010111011111110110011100001
111001011110101011101010110110011101111011100100111101011111100011101100
000000010000000100000110111001111110000011101000111101001110100111110010
000011000000010000010100111101011110111011101111000001000000010011111110
110001000010100000001110110000110010000000001001110010000010010100001110
000000111111001011111001000010110000001100000110000000100000010100001011
111110100001011011111100000001011111101100000101000010101111101000001101
111110110000000111100111000010110001000111100010000010100001110111110110
000000000000000000000000111111110000000000000000000000000000000000000000
111101110000010111110011111100110000001011101101000011111111010011110010
000000010000000100000000111111110000000000000001000000010000000000000000
000000000000000000000000000000010000000000000000000000010000000011111111
111111001111111000000001111110011111110100000000111111000000000000000110
000101000001110111101111000111000010101011101000111110010001011011100101
000101100001010111001111001000000001011011010001000000001111101111000101
111111000000000011111111111111010000000111111000111110001111011111111100
110111111101101011111101111111101100010000001011111011001100000111111000
001000011011000000111010000100101011011000101111001001101101100101000000
111011000000000000001010000010110000011000001000000001111111101111101011
111110101111000000000100111101111111001000000111111010111111011011111001
001100100010101000010001000000100000011000001101101101111100100011100001
111111000000001000000010111111100000010000000100000011110000100100001100
000110000000101000001101000010100000000111110100000000010001000111100101
111001101110100111101111111011101110010011100011000000000000010111110011
000000000000000011111111000000000000000000000000000000000000000000000001
111001011111001100000011111110111111100100001100111101000001001000001010
000000000000000000000000000000000000000011111111000000010000000000000001
000000001111111100000000000000001111111100000000111111111111111100000000
000010100000110000001001000000001111110100000001111101011111001011110111
111010101111100111101001000001011111011111110111111111001111110011100100
111100101110010011100110000000101111101011111011001011010011110100100110
000001010000011100001010111100101110000111101001000111110001111000011000
111010001110001111110101111110101111110111110111000000100000011111110001
001000110100011001000110000010100000110100001001110011101010111111000110
110111111101010011011011111100001110110111101110000100000001001100011101
000011000001001100000110111101101111100011101111111011111110111111101110
000001110000000100000010000100010000011011111111001000000000010011110000
111111111111100111111010111101001111000000000000111100111111000100001011
000100100000101100000011000110110000110000000001000111100000111111111100
111011111111001000000010111101101111100100001010111000011111000000000011
000000000000000000000000000000000000000000000000111111110000000000000000
111110111111011011111011111111110001001100011111000001100011000000011111
000000000000000000000000111111110000000000000000000000000000000000000000
000000001111111100000000000000010000000000000000111111110000000011111111
000000110000001000000001000000110000001100000000111111111111111111111100
101111111100100111101110110010001100011011110101110010001101001100001001
110011011100111111011010111000101110010111110001110110101101001011110001
000000001111111000000100000000100000001000000111111101101111000111111010
110111001101100100000110111000001110100000011101111101110001101100010011
000001110000110100001000000001110001011100010101111010110001110000000110
111110101111001011111110111111101111011111111011000000001111101111111001
000000011111010000000011111111011110100100000000000011001110111100001110
000101110000100000011010000011100001101111111111111101001111110000010011
000111110000001011101010001000111111010111100011000101101111010111111010
111101101111000111111100111001111110101111110011110011101110001011111001
000011001110010011100110111011000000001000000110111110001111111000000100
111111110000000000000000000000010000000000000000000000000000000000000000
001110101110101111111001000011011110010100001010111100001101111000001110
111111110000000100000000000000001111111111111111000000000000000000000000
000000000000000000000001000000000000000000000000111111110000000000000000
111110001111110100000001111110011111110011111101111110011111101011111110
010101111101111111000111001001010001000011011110111111010000101100001100
111011110001010100000101000010100001011111110011001100001111101011101001
000101110000101000001000111110100000000000000111111111100000010000000100
001100011111010111001110000110001111110111100100000011001111001000001011
111100111111100011110010110100111101010111011000110001001100110111100011
111111100000000011110100111010110000011000011101110101001111110000101010
001011110001001011111110000110011111011111110000000000011111111000001011
111011000001011100000101111100111111111011100000011001100001010100100110
111111010000101011111100111111010000011100000000000001000000001011111001
000010110000100100000110000001110000111000001000001001110001111000101101
000101000000000000001101000100110000111000010000111110111111011100000011
111111110000000000000000111111110000000000000000000000000000000100000001
000011100000110100000000111110100000001111111001000000100000110100011011
000000000000000000000000000000010000000000000000000000000000000000000001
000000000000000000000000000000000000000000000000000000000000000000000000
111110111111110111111111000000100000000100000011000010110000110000001100
000000111111110000001010000011000000011000001111000000011111111000000100
000001100000010011111101111111000000101100000000110110011110011111100000
000000000000001000000001111101101111100011110111110111001110000011101001
111100011111101000000010111100011111000000001111000001010000100000100011
111111001111011011110010000010011111110100000111001110100101000101000001
111100101111111011101111111111000000100111101100110111111101110011010111
111011000000100011111101111101110000101111111010111110011111101111111001
001111001110011100000101001000101100000111111000000011011101111011101111
111111111111111000100100111110100000000100010100111101001111110000100100
111001001101110111111101110110001101100011111011110100101110001011111011
000010010000100100001000000000011110111011110111111011101110100011100001
000000000000000011111111000000000000000011111111000000000000000000000000
000010000000000000000101111101011101100011101110000000011101111011111011
000000000000000000000000000000000000000000000000000000000000000100000000
000000000000000000000000111111110000000011111111111111111111111100000000
111111001111101011111001111111101111100111111000000000001111110011111110
000001100000001000000000000010011110100111110100111110101110110011100101
111110101110101000010001000100111110011111111100111110101101100011111100
111111011111101011110111111001101110001111101100111011011111000011110010
111101000001001000011110110111000001000000101000111101101110101000001101
110011010010000100101110110010000000000000001100111010001111100100010101
001111101111110010111100001101001111111111010000001000000000011011101100
000000101111010000001010111110011110111000001011111100111110111100001100
111011001110111011101011110110101100101111010100111111001100100110110111
111010011111111100011000111001100000001000101100111010111111101100010111
000000010000010000000100000000010000001011110100000010100000001111101101
000001011111101000000001000111111111110011110111001001011111010111100101
111111110000000011111111111111111111111111111111000000010000000111111111
001001111111110100001001001101001101111111110110001110011100110111011110
000000001111111100000000000000000000000000000000111111110000000000000001
111111110000000100000000000000010000000100000000000000000000000000000000
000000011111101011111011000000101111100011111010111111101111100011111001
111100001111010000011001111011111111111100001110001000011111010111101100
000011011111100111111001000111011111111011101100000000101111011100000101
000000000000000100010101111111011110101000000010000001111111011111111011
000000100000010011111100000101000000010111111101001001110000000011110100
000100010001001100001110000101010000110000001001000101000000001111101100
010010111111000111001100010101001110000011000011010100011110110111000001
111100001111000000100101111011101110100100011011000001111111011100001010
101000001010110111000010111110011111000111110000001011010010010111111101
000000010000100111110110000001010001010000000100000001000001000000001111
000001001111110011111010000010100000111000000111001001000010010000010001
000011110010000100000110000100100001000100000001000101110001000000001101
000000001111111111111111000000010000000000000000000000000000000100000000
111110000000100100001001000010011111100111110100000011000000010000000101
000000000000000000000000000000000000000100000000111111110000000100000000
000000001111111100000000000000000000000000000000111111110000000000000000
111111001111101011111100000000110000010000000011000001010000101000000101
111110100001000111110000000101100001111000001101000011000000010100010001
001001010001111100010000000010000001010100000001110100111110011111100000
000001000000111100000101000100100001101000010110111001101110101011100101
110111111101000110110110111111110001101100001010111100110001100000100001
110011111011011110110011000000001111101011101100001000000011110000010111
111010001111000111101001000101110001111100011011111011110000010100000100
000000000000000011101100000101000001110000001111000010010000111100001000
001111111110010111000100001000001111111110101111001100010000011111001001
111100111110111000001001000010110000000100010001000100001111011100010000
000001011101101111111101111101111110000111111110111111111110101111111111
111111001111100000001110111110111111011000010000111100001110111011111000
111111110000000011111111000000001111111100000001000000000000000100000001
000001011111101100001100000001001110010111110101000000101111000111110110
000000000000000000000001000000010000000000000000000000000000000000000000
000000000000000100000000000000000000000000000000000000000000000000000001
111111000000000011111101111110001111111011111011111110111111101111111011
000010001110011011111100000001111110001011111111111101101110110111110111
000001011101101000001001111110101111110100011010000101001110101100000101
111111111111111011111111111110001111011111111010111011001111001111110101
111110001110100000010000111010111110100100100110111011111110111100001000
111011100000000100101001111010001101010000010111111011011101110100010010
110101000001111000100011110000110000110100011011110001010000100000011100
000100001111010111111000000100011111100011110101000011001111011111110101
110001101100101011110000110110111110010011110101000101000001101100011101
111110111111100011110011111110001111010011111011000001100000010000011000
000010010000010011110001000000001111101111101010000000010000000111111010
000010100000001100001010111101001111110111111110000010011111011011111110
000000000000000011111111000000010000000000000000111111110000000100000000
000011000000110000001011111110000000000100000111000001011111110011110100
000000000000000000000001000000001111111100000000000000000000000000000000
111111110000000000000000000000000000000000000000000000000000000000000000
111110011111100011111010111101111111011111110111000000000000000011111110
111110111111000000001011111111001111111000010100000100011111010000001101
110001011100000111000111111111001111011000001000001010100001110101000100
111011101110111011110101111010101110100011101101111101001110110111100111
111001011101001011100101000010101111110000001011010000010011011100100011
110100001100010011001001110110101101011111011100000100100000110100000000
111110101111011000000000111000001101110011100101000110100001111100100101
000010000000001100001010111100011110110011110010000001001111011111110100
