-0.11930209 
0.15159233 
0.19190511 
0.41383338 
-0.11665201 
0.01356251 
-0.0030386182 
-0.11380095 
-0.26005092 
-0.014542489 
-0.32500404 
-0.1305962 
-0.041787464 
-0.15211934 
0.008480628 
0.22203536 
-0.12927139 
-0.06597678 
-0.1213155 
-0.31493053 
-0.15692039 
0.35459518 
-0.18508647 
0.16877842 
0.059778273 
0.30564538 
-0.18508416 
-0.09819244 
0.12599754 
0.0051865247 
-0.049757525 
-0.2696295 
-0.10732638 
-0.23652096 
0.03851291 
-0.21613102 
0.21694003 
-0.16321316 
0.009723109 
-0.28166866 
0.1919474 
-0.22374083 
-0.015858436 
0.06822393 
0.20674463 
-0.11175685 
-0.3137406 
-0.34893668 
-0.08610736 
-0.26423404 
0.040415753 
0.23311336 
-0.3341738 
-0.1907589 
0.16978204 
0.2342048 
-0.13040936 
-0.46037093 
-0.085776426 
-0.13287686 
-0.50624657 
-0.040678684 
-0.12153494 
0.019103294 
0.13686952 
-0.05401142 
-0.1663493 
0.67107016 
-0.082602575 
0.31476358 
0.007732496 
-0.04282505 
-0.39176968 
0.048880305 
0.14497042 
0.024531307 
0.010310231 
0.12540202 
-0.32961476 
-0.09169677 
-0.23940225 
0.37255362 
0.26567447 
-0.1965451 
-0.103136875 
-0.17803602 
0.044438206 
0.14727958 
-0.25381273 
-0.021417681 
0.2017472 
-0.012153676 
-0.17381038 
-0.12302293 
-0.108501785 
-0.057773996 
0.17883216 
-0.1951124 
0.17628784 
-0.061087277 
0.13944972 
0.25504977 
-0.0005412507 
-0.12781297 
-0.07762919 
-0.16378537 
-0.21124516 
0.07198772 
0.31289223 
-0.25672212 
-0.44918382 
-0.044070728 
-0.29533723 
0.12032637 
0.103730775 
0.13439122 
-0.25170192 
-0.1969647 
0.15472627 
0.1360105 
-0.32702014 
-0.36792094 
0.09161105 
0.016961303 
-0.46226075 
-0.3331574 
-0.005481417 
0.13202082 
-0.053685274 
0.12007054 
-0.120386474 
0.57848775 
0.04522331 
-0.023779308 
-0.007552226 
-0.015391971 
-0.19999772 
-0.07096414 
-0.23848885 
-0.13935873 
-0.09740376 
-0.17933564 
-0.1513033 
0.29361936 
-0.05988748 
0.074888796 
0.14005578 
-0.21941176 
-0.019154292 
0.36792165 
-0.20284823 
0.13721633 
-0.03964327 
0.30849996 
-0.1727498 
-0.0070835897 
-0.0015947673 
-0.4019278 
-0.1339421 
-0.28307468 
0.19574754 
-0.1605392 
-0.36264023 
-0.24361442 
-0.11573594 
0.10761872 
0.011738258 
0.1907375 
-0.27992135 
-0.1820901 
-0.013822084 
-0.21163656 
-0.084420554 
0.46035588 
0.03732799 
-0.27255598 
0.044285763 
-0.12002018 
-0.21478637 
0.36140177 
-0.13118389 
-0.05245196 
0.31460324 
0.1186262 
-0.3301007 
-0.22994329 
0.1689856 
-0.049300462 
-0.06872479 
0.013265544 
-0.016644506 
-0.08669041 
-0.06360891 
-0.16618563 
-0.3398776 
0.47955677 
-0.09714901 
0.30717778 
0.004106222 
0.18176922 
-0.47002077 
0.11528266 
0.1674093 
-0.002229366 
0.09267518 
-0.01767296 
-0.19437678 
-0.19449632 
0.19718772 
0.43820238 
0.41504142 
-0.28227532 
-0.037391167 
-0.3654404 
-0.17681701 
-0.26643685 
-0.24645989 
0.10229596 
-0.008393098 
0.07041454 
-0.07604307 
0.23394878 
-0.1252531 
0.40185592 
0.0616145 
-0.09358396 
-0.26960444 
-0.15634103 
0.16302396 
-0.18452016 
0.011048075 
-0.0997737 
-0.11233842 
-0.0768314 
-0.25176042 
0.08565878 
-0.058700737 
-0.08412731 
0.042743195 
-0.21659671 
-0.18109946 
-0.14478478 
-0.04326509 
-0.07010601 
-0.034629975 
-0.16711679 
-0.08103844 
0.0037731417 
0.117988065 
0.14126141 
-0.15057902 
0.066090755 
0.091388576 
-0.22477221 
0.09956997 
-0.21353503 
0.25483125 
-0.3537423 
0.045888565 
-0.40742978 
-0.12530394 
0.052061968 
0.009020668 
-0.262278 
-0.1843349 
-0.08934839 
-0.14736705 
-0.08061328 
-0.19939859 
0.40006915 
0.0995288 
-0.16619301 
0.0386498 
-0.32766524 
0.16134623 
0.3205648 
-0.01909314 
-0.08014092 
0.490304 
-0.06361012 
-0.2519604 
-0.12570871 
0.09087915 
0.18562435 
0.013598878 
-0.036429834 
0.15285894 
-0.14059743 
-0.05988547 
-0.029494507 
0.13063948 
-0.052508093 
0.35648635 
-0.2845778 
0.0028821332 
-0.057293933 
-0.18955363 
0.056091867 
-0.24237998 
-0.08746635 
0.05325489 
-0.13705 
-0.017300988 
-0.17401578 
-0.11655217 
-0.2908758 
-0.12436891 
-0.018831085 
-0.36963692 
-0.18667676 
-0.2086563 
-0.20525697 
0.055650596 
0.21814176 
0.098812245 
-0.039069902 
0.06229995 
-0.26644617 
-0.080277756 
-0.2917331 
0.1279485 
0.24001326 
-0.21821666 
0.5012564 
0.05801806 
0.25930145 
-0.003622539 
-0.052062746 
-0.340149 
0.1149464 
0.08932921 
-0.09731668 
-0.10899459 
-0.008657443 
-0.1430784 
-0.0083840005 
-0.04769345 
0.32035375 
0.22296946 
-0.041752752 
-0.2166125 
-0.16183026 
0.05197581 
0.15217088 
-0.15639909 
0.0838013 
-0.09383599 
0.055947162 
-0.027050102 
-0.14396192 
0.007947664 
0.0048311115 
0.076509856 
-0.15802449 
0.047798995 
-0.29426304 
-0.013362904 
-0.27084365 
-0.007255804 
0.57908314 
-0.28142682 
-0.28660923 
0.04194762 
-0.07484652 
-0.1754911 
0.0901306 
0.029510008 
0.28285173 
-0.34098688 
-0.34221432 
-0.08271253 
0.040494077 
0.20257775 
-0.04681986 
0.025495648 
-0.1276841 
-0.18006054 
0.15938772 
-0.52848995 
-0.21459176 
0.12788871 
-0.48419642 
-0.16835669 
-0.11181102 
0.14345124 
-0.055240817 
0.1569379 
-0.055573042 
-0.019183166 
-0.25026685 
0.005542251 
0.00949724 
-0.25787142 
0.008778501 
-0.11154889 
-0.024880333 
0.07161189 
-0.15035808 
0.11144241 
0.084023006 
-0.073818184 
0.6273487 
0.01790344 
-0.0029517836 
0.00045170714 
-0.15432319 
0.16633579 
-0.10200433 
0.12802348 
-0.023511311 
-0.10115961 
0.12788032 
-0.3841431 
-0.13567893 
-0.008913228 
0.26626652 
0.23693307 
-0.1586518 
-0.30136806 
-0.2275773 
-0.16752647 
0.14528875 
0.0015746679 
-0.0822983 
0.14213409 
0.03494924 
0.12612395 
-0.41522163 
-0.068571635 
0.04880611 
0.31658357 
-0.33567747 
-0.22890595 
0.068243474 
-0.15079159 
-0.14163832 
-0.25178513 
-0.347985 
0.1446214 
0.00311014 
-0.23280586 
-0.07297854 
0.13095221 
0.17840777 
0.17163809 
0.13783246 
0.21101852 
0.21048239 
0.11875347 
-0.1405111 
-0.24844831 
-0.19967057 
-0.08473808 
0.02972273 
0.008829376 
-0.29009038 
-0.026687147 
0.21344371 
0.016534101 
0.21440057 
0.030250667 
-0.3095902 
0.06618659 
-0.24983245 
-0.43860215 
0.1438439 
0.18603498 
-0.044734217 
-0.052383427 
-0.05672671 
-0.052221112 
-0.024708256 
-0.072315514 
0.015713535 
-0.08864506 
0.30769342 
0.0019560885 
-0.27727395 
0.22630177 
0.22760564 
-0.21000054 
-0.20788746 
-0.16500187 
-0.14519271 
-0.040155493 
0.055240404 
0.0041050757 
-0.46220106 
0.10068477 
-0.039467014 
-0.08943668 
-0.20041743 
-0.19637695 
0.21510866 
0.056298625 
0.23245317 
0.26421916 
0.17110778 
0.23100798 
0.012805463 
0.23242065 
0.12561479 
-0.041159835 
-0.15699519 
-0.13106894 
-0.23677537 
0.0013513865 
-0.29537737 
-0.10856192 
-0.09523623 
-0.36159024 
0.4075563 
-0.1583725 
-0.13100258 
-0.08320767 
-0.14741191 
-0.051668625 
0.07664584 
0.00617379 
-0.3798861 
0.03536986 
-0.15617016 
-0.012663674 
-0.18530518 
-0.25722113 
0.37846932 
-0.031953383 
0.20411995 
0.1383433 
0.2443873 
0.30507544 
0.02559819 
0.17286363 
0.08935313 
-0.040614527 
-0.18910056 
-0.17045534 
-0.13473304 
-0.035403416 
-0.28748542 
-0.11995546 
-0.020636894 
-0.36065498 
0.31969082 
-0.0071602236 
-0.08208832 
-0.4519481 
0.43311363 
-0.008245638 
-0.07896678 
0.006358114 
0.33045244 
-0.48849022 
0.13265158 
0.017351722 
-0.34429964 
0.03687573 
-0.050387744 
-0.07460351 
-0.07931846 
0.072441146 
0.18969955 
0.28473535 
-0.38937616 
0.25808492 
-0.24330337 
-0.3447708 
-0.30245265 
-0.0048337146 
0.24688724 
0.01619119 
-0.18488096 
0.030308537 
0.20841229 
-0.25860503 
0.3249942 
0.0055509266 
-0.10095791 
-0.0055210358 
-0.07527477 
-0.071390614 
0.31612068 
-0.0021364342 
-0.3392783 
-0.16923128 
-0.42179653 
0.19333111 
-0.04275266 
-0.10246198 
0.054719735 
-0.40719116 
-0.041243155 
-0.1258546 
0.33709806 
0.19832017 
0.21477844 
-0.1555036 
-0.3575903 
0.16583213 
0.29711035 
-0.34709316 
-0.5094391 
-0.2781914 
-0.08311744 
-0.61929774 
0.068330385 
-0.20046535 
0.010659286 
0.19570172 
-0.17646182 
-0.23309958 
-0.1899848 
0.103001334 
-0.114872776 
-0.011527811 
0.41119513 
-0.32545137 
0.04767609 
0.11717088 
-0.316715 
0.0028112694 
-0.06204361 
0.0046939394 
0.022457393 
-0.36032942 
0.0004088811 
0.13209347 
-0.16019478 
0.3032731 
-0.06300579 
-0.09434908 
-0.17847519 
0.032209072 
0.057067815 
-0.3086884 
-0.288518 
0.08209336 
-0.23090078 
-0.24641514 
0.30341145 
-0.27135378 
-0.14856292 
0.028322449 
-0.3063128 
-0.13139811 
0.24274081 
-0.010326624 
-0.15304868 
0.048200212 
-0.11373778 
0.28469467 
-0.2940955 
-0.33076018 
0.34794113 
0.2691243 
0.104429334 
0.09962899 
0.12714182 
-0.08199076 
-0.058379464 
-0.051811576 
-0.09294837 
0.22558746 
-0.14198154 
0.07623635 
0.0566065 
-0.26408765 
0.0803381 
0.23356295 
0.07811958 
0.06986126 
-0.102598526 
0.021229161 
-0.266205 
-0.09342738 
-0.10292582 
-0.10110732 
-0.25769597 
0.0014026855 
0.29774594 
-0.08304996 
-0.24420182 
0.09256333 
-0.16296986 
-0.26049188 
0.2329008 
-0.040523857 
0.32547823 
0.19992866 
-0.10977879 
0.19904909 
0.053573947 
0.22842275 
0.2536221 
-0.12177651 
-0.12015146 
-0.20429502 
-0.02058323 
-0.12810929 
-0.24667215 
-0.027206967 
-0.22772022 
-0.302982 
0.29268798 
0.17603043 
-0.28592205 
-0.34121734 
-0.0076551093 
0.0038052674 
-0.11038334 
0.0033138383 
0.33409697 
-0.41009218 
0.15683137 
0.03244328 
-0.2826175 
0.07248152 
-0.15763329 
0.059826255 
0.07812721 
-0.24928327 
0.01689785 
0.16273934 
-0.36189547 
0.45323014 
-0.015182386 
-0.3359121 
-0.28758138 
0.12247969 
0.21855922 
-0.22243938 
-0.27752864 
0.157627 
-0.017539639 
-0.21326086 
0.32944012 
0.2379637 
-0.33642277 
-0.121677704 
-0.27323613 
-0.11013947 
-0.15577824 
-0.010025258 
-0.30980176 
-0.14572513 
0.012581948 
-0.22353423 
-0.10556702 
-0.1940207 
0.39820206 
0.079652324 
-0.095243305 
-0.0013729681 
-0.38040164 
0.07456615 
0.38921693 
-0.1035806 
-0.064728245 
0.42121458 
0.07699733 
-0.42228767 
-0.108371936 
0.13842599 
0.20512025 
0.04483923 
-0.07282054 
0.18232273 
-0.16008821 
0.27497423 
0.16917992 
-0.29020268 
0.40254527 
-0.115841694 
0.09255316 
-0.0022050643 
0.06976007 
-0.5270113 
0.1249305 
-0.028542018 
-0.3291367 
-0.06626616 
0.13170005 
-0.035613045 
-0.13889109 
-0.20256779 
0.1401958 
-0.0925229 
-0.17701542 
-0.23740892 
-0.056345295 
0.16992539 
0.24888492 
-0.21066137 
0.011587818 
0.24635695 
-0.18020678 
-0.009052212 
0.34782204 
-0.11613174 
-0.10247446 
0.29185948 
0.37630624 
-0.038842607 
0.23186319 
-0.07453663 
0.11629337 
0.010603527 
0.08346751 
-0.44249535 
0.034689367 
-0.33223847 
-0.14830606 
-0.12647682 
-0.056152277 
0.04119665 
0.24128662 
-0.1267696 
-0.020521814 
-0.2931038 
-0.2539617 
-0.34242314 
0.3413717 
0.015164201 
0.19658215 
0.052303746 
0.17416316 
-0.22568429 
-0.13558544 
0.17995222 
-0.16531377 
-0.09445745 
-0.07270359 
0.13670282 
-0.16012147 
0.22835796 
-0.092981346 
0.26196045 
-0.0749442 
0.008748472 
-0.18054628 
0.13161549 
-0.2883672 
0.00040702932 
0.16037242 
0.15218003 
-0.1485693 
-0.2846888 
-0.13926034 
-0.20808989 
-0.06669404 
0.05220157 
-0.03766012 
0.25512737 
-0.39059898 
0.06533506 
-0.011489991 
-0.030027144 
-0.22237979 
-0.13153212 
-0.061481524 
-0.34599835 
0.19569421 
-0.05032638 
-0.07397062 
0.26376966 
-0.03428213 
-0.33522815 
-0.17887999 
-0.13206707 
0.0051625227 
-0.0052722716 
0.12381114 
-0.37284604 
0.08688004 
-0.008136605 
-0.36790207 
-0.06402461 
0.35700998 
-0.0021132291 
-0.29705235 
-0.19838493 
-0.085143566 
-0.19843243 
0.26630703 
-0.20800439 
-0.08387371 
0.23285988 
0.14790954 
-0.2271284 
-0.17248528 
0.31360057 
-0.11529173 
-0.08383669 
0.07400128 
-0.003658576 
-0.21524753 
0.15946889 
0.33555323 
-0.2904811 
0.61421365 
0.02881266 
0.022674264 
0.007590742 
0.11883868 
-0.47722462 
0.09801489 
0.0023689116 
-0.37738645 
-0.010628095 
0.055341296 
-0.11634821 
-0.035056394 
0.019626386 
0.13011548 
0.015570295 
-0.2687521 
-0.14580895 
-0.051298976 
-0.076501995 
0.064351246 
0.023301803 
0.13284548 
0.2450793 
-0.2787251 
0.0069953296 
0.27803555 
-0.2534833 
-0.08397887 
0.06987917 
-0.15436752 
-0.041945815 
-0.17350957 
-0.2198594 
-0.10199841 
-0.0100573 
0.3623984 
-0.075464495 
-0.23939028 
0.17390649 
-0.116442144 
-0.2651902 
0.14924453 
-0.022834452 
0.34038657 
-0.18792188 
-0.07467852 
0.1963234 
0.10911133 
0.10781432 
0.19322988 
-0.029692974 
-0.03176252 
-0.19571517 
-0.043310788 
-0.25856897 
-0.19782618 
-0.011945684 
-0.3386558 
-0.25901607 
0.00939099 
-0.14582376 
-0.00075774646 
-0.034144916 
0.30459768 
-0.09241171 
-0.10834139 
0.0020497509 
0.18231691 
-0.021347636 
-0.3652821 
0.01076452 
-0.046260122 
-0.39356932 
-0.006169877 
0.35305732 
0.3107486 
-0.31517598 
-0.03787666 
0.08142734 
0.2098931 
0.004711823 
-0.012415534 
-0.21221898 
-0.03535545 
-0.15674767 
0.035895526 
-0.4143893 
0.21281782 
0.27958515 
-0.33535802 
0.013458943 
-0.13379191 
0.0681871 
-0.17114422 
0.24733669 
-0.18023045 
0.34720904 
-0.29174644 
-0.00721998 
0.09873769 
-0.22412962 
-0.021552263 
-0.2829279 
-0.2922428 
0.24279575 
-0.09767191 
-0.1926539 
-0.16643943 
-0.05914433 
-0.2880202 
-0.1592666 
-0.0827645 
-0.4830181 
-0.1611294 
-0.08502664 
-0.23854175 
-0.03304884 
0.0049286983 
0.061125398 
-0.17025493 
-0.17589068 
-0.51288205 
-0.25050488 
-0.16378164 
0.11947394 
0.08422365 
-0.29640767 
-0.1280388 
-0.15628983 
-0.13021678 
-0.0037926168 
-0.1861054 
-0.23504011 
0.10267185 
0.51846844 
-0.29984748 
0.037961554 
0.13306963 
0.10616984 
-0.32282805 
-0.15420674 
-0.0888111 
-0.16312829 
-0.17988029 
-0.17429514 
-0.19891883 
0.034152668 
0.24712181 
-0.044453934 
-0.14725754 
0.33046755 
0.040901657 
-0.06069548 
0.07140284 
-0.00033009576 
-0.22340229 
0.046279922 
-0.08473972 
0.0404264 
-0.11177948 
-0.16346511 
-0.14098899 
-0.011946458 
0.4163754 
-0.22987252 
-0.30260414 
0.076951094 
-0.17311649 
-0.27298126 
0.090101376 
0.2011186 
0.32431865 
-0.32096118 
-0.23155797 
-0.06429803 
0.21868855 
0.020118706 
0.003471817 
0.040632084 
-0.021846708 
-0.16573888 
0.058569584 
-0.48655838 
-0.07150452 
0.12450097 
-0.46006352 
-0.058545437 
-0.13687208 
0.089085765 
0.13113937 
-0.2838368 
0.009787075 
0.0041654226 
0.031593025 
-0.010706324 
-0.09250117 
0.2703826 
0.061997816 
-0.25445122 
0.17072573 
-0.24680243 
-0.20849627 
0.14718595 
-0.32310367 
-0.15504761 
0.06783694 
0.039672438 
0.020952245 
-0.2945531 
-0.12854691 
-0.15298177 
0.21088398 
0.23620915 
0.18981764 
-0.31621796 
0.1274961 
0.19363646 
-0.15672056 
0.18355519 
-0.073091306 
-0.012410174 
-0.30485842 
0.04551417 
-0.1961191 
-0.07651235 
0.007851627 
0.009948898 
-0.30435067 
-0.37329862 
0.048660416 
0.28184006 
0.30169615 
0.06184688 
0.02207055 
0.25213793 
0.12309307 
-0.36518228 
-0.07992557 
0.14242527 
-0.17535427 
0.0377737 
-0.06404992 
0.11169848 
-0.24259427 
-0.11587887 
-0.080557264 
0.12215454 
0.2710375 
0.121040374 
-0.41528082 
0.22189443 
0.15212008 
0.31929344 
-0.33518103 
0.2714241 
-0.45059296 
-0.095504895 
0.076478705 
0.0029879198 
-0.11721917 
-0.08790958 
0.13236584 
-0.31943688 
-0.034117423 
-0.1482962 
-0.22043027 
0.022458471 
-0.25674984 
-0.0296616 
0.110484414 
0.24892935 
-0.0062123924 
0.05295443 
-0.18474784 
0.04187744 
-0.2591358 
0.4402696 
0.1415571 
-0.25998804 
0.07965734 
0.10040187 
-0.34686574 
0.19573101 
-0.16065054 
-0.0103480015 
-0.16171877 
0.073050275 
-0.09613397 
-0.0030079926 
0.35450086 
0.0010897309 
-0.3674943 
-0.20706011 
-0.256303 
0.042004805 
0.104329936 
-0.052319083 
-0.15936446 
-0.45304883 
-0.119718224 
-0.251968 
0.31525272 
0.26439822 
0.27833292 
-0.2961687 
-0.23896123 
0.16932556 
0.28851143 
-0.30375427 
-0.4782478 
-0.14300911 
0.042632435 
-0.60154504 
-0.08734227 
-0.035655808 
0.16974816 
0.048666615 
0.3982037 
-0.18053618 
0.34421763 
0.31102884 
-0.14017716 
0.0110751195 
-0.028110769 
-0.39674377 
0.054619435 
-0.10246158 
-0.38962886 
0.05968217 
-0.014923603 
-0.08032771 
-0.0036921285 
-0.10807727 
-0.09338086 
-0.21514304 
-0.22775277 
-0.2975475 
0.04462628 
-0.18858342 
0.010223692 
0.19944291 
0.2630129 
0.17353484 
-0.3092079 
0.10610913 
0.23714459 
-0.24403366 
-0.14773461 
0.10686124 
-0.13294064 
0.02959756 
-0.2222231 
0.024065157 
0.60371983 
0.0028451572 
-0.0575284 
0.07497665 
-0.08181568 
0.024659485 
0.23866466 
0.0061523393 
0.12124274 
-0.245143 
-0.04754167 
0.15070134 
0.34993038 
0.039606173 
-0.06267189 
-0.19938044 
-0.2683212 
0.11768469 
0.02006626 
-0.102513365 
-0.15017514 
0.09289164 
0.022573115 
-0.19041845 
0.23142953 
0.12375545 
-0.0034468065 
-0.05889349 
0.10293838 
-0.3394491 
-0.0016421252 
-0.0609822 
-0.18181922 
-0.0012256807 
-0.15526175 
0.012002494 
0.42821798 
0.0101104425 
0.05615423 
0.033631872 
-0.34415716 
0.17899509 
-0.20653524 
-0.33093292 
-0.06322597 
0.15279041 
-0.11671022 
-0.07149779 
-0.06670668 
-0.116258465 
-0.13077556 
-0.2022045 
0.15443836 
0.011992679 
0.25930867 
0.17043383 
-0.22925663 
0.22076428 
0.22977917 
0.08167872 
-0.1378095 
0.16503389 
-0.271207 
0.054693557 
-0.2611011 
-0.01070804 
0.5421841 
-0.24395242 
-0.19591402 
-0.060367484 
-0.046392776 
-0.081142254 
0.082949154 
0.21149045 
0.371641 
-0.31994516 
-0.33494425 
-0.14534122 
0.07693481 
-0.3527051 
0.04352719 
-0.14155403 
-0.16112833 
-0.077675216 
0.13409144 
-0.56681323 
-0.10293146 
0.18129209 
-0.4886469 
-0.075878 
-0.16209845 
0.30304563 
0.18802759 
-0.10587071 
0.20477916 
-0.003842894 
0.24904746 
0.009112414 
0.021624595 
-0.42347658 
0.04490884 
-0.2605761 
-0.18180826 
-0.11441567 
0.015519328 
-0.12330131 
0.17871831 
-0.10041469 
0.18078086 
-0.0507825 
0.08607912 
-0.26523077 
0.26448125 
0.17613126 
0.3285616 
-0.08685708 
0.015822126 
-0.12931725 
-0.1765566 
0.00581112 
-0.21082757 
-0.1371076 
-0.0861104 
0.21180253 
-0.20388225 
0.060453273 
-0.17794062 
-0.1733668 
0.19839954 
-0.0009918077 
-0.16208531 
-0.10146301 
0.14351319 
-0.3784434 
0.06822408 
-0.26961413 
-0.20690207 
0.1349475 
-0.19605555 
0.07349474 
0.10644148 
0.13843304 
-0.025555145 
0.19000004 
-0.04446097 
0.08553705 
-0.11977964 
0.50069946 
0.12505531 
-0.23539068 
0.095515296 
0.15987733 
-0.39698514 
0.19028357 
-0.2898291 
-0.09260858 
-0.18419385 
0.02838562 
0.07061968 
0.00083147077 
0.2339367 
-0.00046231173 
-0.20498198 
-0.26655066 
-0.1589253 
-0.2159071 
0.37866804 
0.04244357 
-0.24272807 
-0.43092817 
0.10127952 
-0.215518 
0.27558115 
0.38105935 
0.32805428 
-0.22234842 
-0.18570653 
0.07080621 
0.13135293 
-0.28698194 
-0.38043866 
-0.018881056 
0.05893339 
-0.42806792 
-0.19057849 
0.027346168 
0.45412984 
0.25089005 
0.22030146 
-0.14716992 
0.11570777 
-0.07429361 
0.13835302 
0.003149115 
0.31618166 
-0.3765393 
-0.024617622 
-0.07807823 
-0.16720912 
-0.14129637 
0.09940964 
0.01670831 
0.19320156 
-0.21941733 
0.018782418 
-0.26690784 
0.14023398 
-0.31659734 
0.3771529 
0.23424582 
0.2521964 
-0.00547345 
0.07072668 
-0.35693642 
-0.16772883 
0.1219437 
-0.43075508 
-0.05334084 
-0.15880588 
-0.048656538 
-0.17080465 
0.15491617 
-0.14503306 
-0.074189775 
0.2403268 
-0.008488823 
-0.35394076 
-0.19015548 
-0.1152113 
0.025139527 
0.15550753 
0.03904852 
-0.22268698 
-0.29941654 
-0.129738 
-0.28334486 
0.2323489 
0.3061165 
0.3099723 
-0.34617674 
-0.21705492 
0.12481655 
0.17210427 
-0.12615322 
-0.35312834 
-0.043643687 
0.16183329 
-0.42430672 
-0.231073 
0.04223878 
0.2857851 
-0.06464384 
-0.02947046 
0.081496835 
-0.11218875 
0.31579575 
-0.23273006 
-0.0007892924 
-0.07020113 
-0.17285508 
0.081454344 
-0.2556953 
-0.12767541 
0.026544558 
-0.12195329 
-0.02299489 
-0.14981234 
-0.084282875 
-0.24361767 
-0.06678322 
-0.024932267 
-0.45626494 
-0.13699082 
-0.11042012 
-0.15601103 
0.18313928 
0.1212558 
0.080569066 
-0.0879413 
0.06324607 
-0.2829307 
-0.0026833112 
-0.32730287 
0.22309615 
-0.02236751 
0.16275975 
0.32889482 
0.23566703 
-0.12765291 
0.011212088 
-0.018213248 
-0.22099279 
-0.06510881 
-0.42382792 
-0.18417716 
0.32901838 
0.2537442 
-0.19941771 
-0.30751693 
-0.06393908 
-0.30697587 
-0.28235045 
-0.27178448 
-0.36103615 
0.2933525 
-0.023692382 
0.1325845 
-0.1669027 
0.03006455 
0.14456134 
-0.24129486 
-0.13585107 
-0.119721785 
-0.3537381 
-0.23262882 
0.06800437 
-0.24367376 
0.3271343 
-0.3484557 
-0.120821536 
0.090411745 
0.0053884527 
-0.25133476 
-0.0139715085 
0.070130475 
-0.13258024 
-0.097046204 
-0.09380883 
-0.1915585 
0.03249186 
-0.2934819 
-0.22775497 
0.13635072 
0.24555133 
0.023924744 
-0.13298133 
-0.26067463 
0.046118796 
0.012560542 
0.13411759 
-0.087809935 
-0.15666881 
0.18237768 
-0.004478743 
-0.29737878 
0.13019669 
-0.06409743 
0.35503408 
0.07784836 
-0.10936324 
0.27960214 
-0.13090661 
0.12208469 
-0.006628324 
-0.024048077 
-0.31632465 
0.081287 
-0.22593965 
-0.13156947 
0.044623755 
0.23445114 
-0.12105619 
-0.025633065 
-0.06455764 
0.04080745 
-0.21377957 
-0.10713053 
-0.2949099 
0.30713093 
0.1580545 
0.36518928 
-0.15771435 
0.04080173 
0.03347587 
-0.16474363 
0.009613207 
-0.08142953 
-0.10092756 
-0.21122718 
0.20238698 
-0.26850975 
-0.48576298 
-0.18622561 
0.12640499 
0.19986948 
0.006101164 
0.084144406 
-0.24755049 
-0.13526407 
-0.19239108 
-0.10806348 
-0.035048887 
-0.12233616 
0.044098113 
-0.14842571 
0.7405671 
-0.10688267 
-0.19622129 
0.28387192 
0.0051170858 
-0.0525948 
0.037849393 
-0.07760442 
-0.04456365 
-0.17310175 
0.08158132 
-0.02555183 
-0.05045477 
0.035312343 
0.057388257 
0.07043941 
0.22293523 
0.46028835 
-0.07576957 
0.21958111 
-0.0069353464 
0.13402545 
0.003803759 
-0.03828342 
-0.33795938 
0.038245875 
-0.2665066 
0.015023632 
-0.21594186 
-0.056034073 
0.036364987 
0.26946694 
0.012189191 
-0.041135054 
-0.32774466 
-0.22917494 
-0.31217352 
0.22901984 
-0.10478759 
0.28435096 
0.11218431 
0.15027687 
-0.20601793 
0.005845512 
0.16479585 
-0.07123831 
0.105331935 
-0.12358136 
-0.21176444 
-0.04848459 
-0.0005835192 
0.47281528 
-0.07280742 
-0.28834423 
0.0070223957 
-0.0113442335 
0.21203701 
0.14825794 
-0.21012199 
-0.19627185 
-0.30689868 
-0.27186185 
0.19959058 
0.041423667 
0.3708194 
-0.19129384 
0.15506268 
0.1973547 
0.1728659 
-0.14637071 
-0.429428 
-0.057226427 
-0.18826368 
-0.022456968 
-0.19300564 
0.4543954 
0.076286204 
0.022454154 
0.17337961 
0.28244036 
-0.1155947 
-0.15335126 
0.09137072 
-0.06549733 
0.3538073 
-0.37267894 
-0.009934233 
0.42254412 
-0.2779838 
0.009278871 
-0.08181557 
-0.18541233 
0.26754585 
-0.07341946 
-0.08290357 
0.0467393 
0.085031554 
-0.23646876 
-0.034799296 
-0.2535181 
0.4165779 
-0.1725066 
-0.35571182 
-0.3817591 
0.28705567 
0.2745911 
-0.0119422395 
-0.24257585 
0.08957413 
-0.21020463 
-0.28287783 
0.013134496 
-0.1907242 
-0.043255985 
-0.0034990602 
0.20483193 
0.11469009 
-0.2977283 
0.010752081 
-0.22527775 
-0.28065252 
0.19584177 
0.010515121 
0.21650133 
0.16215977 
-0.2866525 
0.18981524 
-0.051732756 
-0.3185845 
-0.26675004 
0.11207899 
0.09231896 
-0.09876167 
-0.2816663 
-0.104628436 
-0.20151256 
-0.29773363 
0.09112707 
0.17265964 
0.22754925 
0.09725113 
-0.3658405 
0.13926348 
-0.16041808 
-0.0146571975 
-0.20268182 
0.31316698 
-0.12511663 
-0.02463758 
-0.14896931 
-0.004979549 
0.14611553 
-0.2315899 
0.14114906 
-0.26575842 
-0.09512708 
0.27444604 
-0.28588092 
-0.04025905 
-0.093215354 
0.23200598 
-0.022528837 
0.2370422 
-0.22761047 
0.5615611 
-0.30746377 
-0.26986498 
-0.3534894 
0.44697046 
0.41377026 
-0.16255973 
-0.036731903 
0.14870845 
-0.1605864 
0.018130371 
0.09371902 
0.24229583 
0.058086604 
0.17030083 
0.18811125 
0.3626994 
-0.2611491 
-0.008556635 
-0.028280236 
-0.1564471 
-0.07461291 
-0.3422777 
-0.066908225 
0.14847691 
0.11690069 
-0.0137576 
-0.23244199 
-0.091044575 
-0.3498105 
-0.34824708 
-0.18016027 
-0.3780282 
0.17093389 
-0.1661305 
0.05000993 
-0.12951519 
0.118693195 
0.027865669 
-0.112410896 
-0.021883732 
-0.06357212 
-0.22187865 
-0.24046306 
0.35026374 
-0.08192708 
-0.28761384 
-0.35747007 
-0.06957344 
0.30302826 
0.0032440538 
-0.11913347 
-0.08267681 
-0.13950105 
0.45204657 
-0.21900922 
-0.035346616 
0.18682542 
0.06705211 
-0.30752742 
-0.015678369 
0.15037519 
-0.02424103 
0.072475836 
-0.14810349 
-0.2543647 
0.17071109 
0.27860835 
-0.17837432 
-0.1682601 
0.02065996 
0.0060212123 
0.024501484 
-0.0359224 
0.009096507 
-0.012822232 
-0.07665889 
-0.16358832 
-0.29547408 
-0.122223094 
-0.08479571 
-0.11392768 
-0.004735803 
-0.23676878 
0.0647161 
-0.10016792 
0.025257984 
-0.22501886 
-0.08796039 
0.049458593 
-0.13404797 
0.14190345 
-0.08372441 
0.25012395 
0.37923047 
-0.15836431 
0.24071845 
0.13818325 
-0.22156772 
-0.19788371 
-0.037190564 
0.02811932 
-0.14582434 
-0.1960867 
-0.10404924 
-0.111127086 
-0.24259213 
0.2002523 
-0.13757876 
0.13751946 
-0.35333356 
-0.18491012 
0.13935077 
-0.116080225 
0.00933917 
-0.29124245 
0.107148014 
0.12785178 
-0.12780415 
0.22432208 
-0.07006449 
-0.30511656 
-0.027226994 
-0.38077733 
-0.28887436 
-0.08083446 
0.0017922323 
-0.01716102 
-0.35325086 
-0.17949654 
-0.04254045 
0.31390125 
-0.041459028 
-0.05666902 
0.10765432 
0.06759695 
-0.013194448 
0.069013394 
0.10592121 
-0.08514926 
0.020443404 
-0.16499396 
-0.30495477 
-0.25141427 
-0.09761745 
0.21771838 
0.0029604984 
0.12949719 
0.12232458 
-0.04563516 
0.032730088 
-0.016112793 
-0.31359866 
-0.063520566 
0.11431006 
-0.10318049 
0.34557074 
0.16256921 
-0.047237184 
0.3276233 
0.08080229 
0.27007046 
0.12941152 
-0.21031772 
0.16952048 
0.06157064 
-0.20795234 
0.06591526 
0.21204703 
0.07854425 
0.15525487 
-0.26646596 
0.10523691 
0.04681326 
0.12919801 
0.2987928 
-0.13874303 
-0.016451847 
-0.007835397 
-0.039856106 
0.0425199 
-0.045171823 
-0.2074095 
0.3238024 
-0.28533417 
-0.16604456 
-0.28243828 
0.18000707 
0.42831594 
-0.1340626 
-0.1811406 
0.11969395 
0.33960754 
-0.23764089 
-0.2030869 
0.042120323 
0.15664507 
-0.115313604 
-0.033185713 
-0.15689503 
-0.2661853 
0.53078705 
-0.12578933 
0.11703006 
-0.08100179 
-0.12505049 
0.021962645 
0.20221256 
0.03202471 
0.49908784 
0.007699359 
-0.023637181 
-0.28106502 
-0.35690922 
-0.22410174 
0.18432337 
-0.011615683 
0.08093335 
-0.6105134 
0.20542173 
-0.2845355 
0.56907094 
0.4066851 
0.11479158 
-0.10100277 
-0.37935376 
0.045124136 
0.11777194 
-0.43789828 
-0.40413642 
-0.057839587 
0.03189023 
-0.6251666 
0.043917127 
-0.095892444 
-0.11864591 
