0.7801365 -1.6552469 0.6191623 -0.11696539 -2.247469 2.4975927 -0.91448516 -1.6164031 2.5921316 
-0.09238849 -0.6824952 -0.40154094 -0.34154195 -0.6412726 -0.59658927 0.47261596 0.20823939 0.14425159 
-1.0344139 0.5968164 -0.25918874 -0.8065282 1.1193078 -0.13262741 -0.90208775 0.7403308 -0.036489684 
0.88592076 1.1641958 0.995496 -0.043583542 -0.308748 -0.3050645 -0.5718889 -0.5539215 -0.6057294 
-0.0089529045 0.0101983845 3.895224e-05 0.002379049 -0.015248869 0.0050467975 0.003051782 -0.029964207 -0.023545083 
1.0143154 0.48425785 -1.1324927 0.7192222 0.1602196 -1.3358672 0.7825331 -0.17867096 -1.08985 
-0.043456692 -0.001974664 0.0026313004 -0.039906047 -0.016915519 0.008982525 -0.006105738 -0.041829843 0.0046472517 
-0.014427562 -0.019860458 -0.0015273191 -0.021702703 -0.0008170922 -0.0117512755 -0.0150965415 -0.010558725 0.00782192 
0.028070878 -0.33023107 0.11275041 0.2801539 -0.29619575 0.3081637 0.16843256 -0.36842266 0.18930425 
1.6250225 1.8348429 1.627686 -1.5684013 -2.1449633 -1.5851246 -0.04184059 0.11212223 0.0779137 
-1.0534859 -1.7160047 -1.1496509 0.3723628 0.3615038 0.56714195 0.7786586 0.87114275 0.9009173 
0.3090438 0.1156709 0.3513945 0.28578135 0.13837075 0.4442425 -1.1299418 -1.2310811 -1.0266713 
-1.9941682 -0.61151695 2.5152886 0.72260576 -0.52728593 -0.3338557 2.7191846 0.27494106 -2.630549 
1.2581005 -2.3951437 0.44737712 2.1661124 -2.6850562 1.1714761 1.8255107 -2.191246 0.354771 
0.22035427 0.6086306 0.094179034 0.24755068 0.7244907 0.2846876 -0.023299575 0.4442076 0.3311483 
0.043082163 -0.13840328 0.42391834 -0.67963856 -0.80546194 -0.10653364 -0.55455345 -0.5123328 -0.20244506 
