-0.1718138 
-0.3897067 
0.6050664 
-0.33967412 
0.4253112 
0.039783042 
0.8038422 
0.012162995 
-0.3201359 
-0.3108185 
0.36991397 
-0.049002048 
0.10498957 
-0.1337507 
-0.30520293 
0.5255614 
0.47046787 
0.68989533 
0.28973085 
0.24903916 
-0.14066496 
0.43796468 
0.42207852 
-0.44046944 
0.097280644 
-0.4080523 
-0.008721371 
-0.10693894 
0.32407138 
0.16032045 
0.31718552 
-0.3448678 
-0.215627 
-0.10011096 
-0.19723147 
-0.23608732 
-0.25898877 
-0.077075 
-0.005227294 
0.106154785 
-0.11989008 
-0.39718962 
-0.20132819 
-0.21041818 
0.012594252 
-0.3809528 
-0.21823575 
-0.36202374 
-0.34131968 
-0.15035252 
-0.2766114 
0.51867455 
-0.38502967 
0.5443187 
0.43591997 
0.06362003 
0.41841576 
-0.42563042 
-0.10391859 
0.4613971 
-0.53949636 
0.11013062 
0.52587354 
0.56346256 
0.45243803 
-0.21210127 
0.32308826 
-0.5462586 
0.43939528 
0.010250216 
0.3854413 
-0.3231621 
-0.43696305 
-0.30346957 
0.51010495 
0.11482606 
0.2848068 
0.42594975 
-0.3055452 
-0.41747057 
-0.5185733 
0.44197482 
-0.55522496 
0.43017185 
-0.53336513 
-0.008379126 
0.31539798 
-0.4569138 
0.5639704 
0.7269737 
-0.29171124 
0.23479293 
0.60359955 
0.05393728 
0.1929697 
-0.43019605 
0.3932199 
0.1580842 
0.12583578 
-0.58254874 
-0.27915522 
-0.45740792 
0.6206303 
0.12830421 
-0.11308307 
0.029453637 
0.57377344 
-0.21419562 
-0.29905185 
0.6144831 
-0.4117565 
-0.34504613 
-0.17504314 
-0.4134627 
0.32377976 
-0.37195835 
0.66912746 
-0.23983277 
-0.12688048 
-0.43251967 
-0.44456777 
-0.03619822 
0.2994186 
-0.4427697 
0.31845403 
-0.36602494 
-0.15031223 
-0.3873749 
-0.38862005 
0.08525783 
-0.19106533 
0.16207324 
-0.3108992 
-0.3299498 
0.14516373 
0.28490874 
0.22832464 
0.17433213 
-0.27328524 
-0.083996736 
0.537566 
0.035582386 
0.22210889 
0.06294741 
0.0924122 
0.41458866 
0.33339098 
0.3872968 
-0.06751098 
-0.12651712 
0.71147865 
0.026694579 
-0.22229584 
-0.038390514 
0.32477513 
-0.37815785 
-0.24182826 
-0.21800852 
-0.3746283 
0.5571729 
-0.42953947 
-0.3572401 
-0.026418652 
0.15767795 
0.82970774 
0.22204843 
-0.05096433 
-0.07462744 
0.13271621 
0.022567557 
-0.35099107 
0.631841 
-0.05275198 
-0.24602495 
0.28359893 
0.16109146 
-0.1027016 
0.6786248 
-0.27807894 
-0.36473435 
-0.3250083 
-0.25672287 
0.339355 
-0.033081494 
0.770968 
0.11350259 
-0.22663774 
0.4276583 
-0.3230292 
0.104481034 
-0.23725857 
0.16612269 
0.3005542 
-0.27056998 
-0.2186505 
-0.15048796 
-0.08430484 
-0.12978205 
-0.37576115 
0.82779074 
-0.01044343 
0.3872698 
-0.0034067351 
0.21673161 
-0.096050315 
0.05869466 
0.2514389 
-0.53405106 
-0.43355626 
-0.35032836 
-0.43567187 
-0.089847654 
0.071778424 
-0.25845274 
-0.13316995 
0.09712058 
-0.41164765 
-0.020917868 
0.17168319 
-0.35807112 
-0.30446956 
-0.18062514 
0.40533698 
0.17321149 
-0.3557254 
0.11140286 
0.54833806 
-0.06563911 
0.36296812 
-0.2797263 
-0.11024789 
0.5200648 
0.056137774 
0.24364239 
-0.15296635 
0.37066424 
-0.23855491 
-0.15176734 
-0.18832909 
0.44257185 
0.009644514 
0.21030667 
-0.118898585 
0.19171771 
0.1614714 
0.250873 
0.054377988 
0.11428598 
0.14633004 
0.35698372 
0.06106148 
-0.29839376 
0.3863926 
0.30752173 
0.4928334 
-0.30781433 
-0.32062855 
1.0855619 
-0.21582244 
0.4031838 
-0.44187343 
-0.1391136 
-0.04703287 
0.52938753 
0.24528833 
0.037456464 
-0.09906101 
0.01824226 
-0.016480492 
-0.13103588 
0.18699571 
-0.0017864389 
0.010699799 
-0.17569059 
0.92857265 
0.15657857 
-0.28636253 
-0.113163576 
-0.07299049 
0.2577435 
-0.27496606 
-0.168888 
0.7669441 
-0.20808676 
-0.4356274 
-0.124265894 
-0.19100307 
0.1842657 
-0.0559134 
-0.022166828 
-0.106646314 
-0.19290788 
-0.031210836 
0.77660215 
-0.24957137 
0.09941821 
-0.30130285 
-0.23517025 
0.0772732 
-0.36417568 
0.39205536 
-0.101567164 
0.61948925 
0.24308465 
-0.1100979 
0.5167346 
-0.051580075 
-0.28048396 
-0.11153595 
-0.2742872 
-0.28674778 
-0.25360817 
-0.36752096 
0.030218802 
0.021720294 
0.12096091 
0.51126224 
-0.4114327 
0.16712308 
0.18938182 
-0.083144 
-0.34690705 
-0.020874241 
-0.32038394 
0.057040393 
-0.29976374 
-0.16348486 
0.5980375 
0.055948135 
0.26093444 
0.13246447 
-0.31567279 
-0.023893714 
0.29259068 
0.5823567 
0.07205824 
-0.12999126 
-0.43640733 
-0.1665177 
-0.5302982 
-0.3523388 
-0.3887564 
-0.51805055 
0.29431924 
0.024341486 
-0.28678247 
-0.35068026 
0.035578474 
-0.2268829 
-0.2508986 
0.6403441 
-0.335239 
0.16790143 
0.23557414 
0.64395034 
0.18641758 
0.3719052 
-0.1537044 
-0.34313542 
-0.34686178 
0.5476381 
0.06873475 
-0.09628071 
0.21892601 
-0.052593697 
-0.23335093 
0.11533917 
0.34648672 
-0.46241593 
0.59061545 
-0.13068382 
-0.29777414 
-0.10202326 
0.6332944 
-0.5500459 
0.5221235 
-0.20193852 
-0.23416467 
-0.36083478 
-0.10463194 
0.60637885 
-0.40033478 
-0.29253763 
-0.24269085 
0.056114424 
0.3654493 
-0.25333714 
0.2680199 
-0.15098755 
-0.036017187 
-0.43124482 
0.51704663 
-0.46071887 
0.90301657 
-0.2614037 
-0.2522609 
-0.26624525 
-0.41978052 
-0.02472052 
-0.27855074 
-0.35997984 
0.009170631 
-0.36955225 
-0.092584915 
-0.18143703 
-0.39011768 
-0.055657063 
-0.27463207 
-0.13680597 
-0.106356226 
0.5055037 
0.17320858 
0.1901341 
-0.3496409 
-0.22602323 
1.0304836 
0.05307716 
-0.28459135 
0.01595326 
-0.24990182 
-0.33336207 
-0.26669282 
0.6089542 
-0.53522086 
0.068803534 
-0.12128425 
-0.27379665 
-0.33845124 
-0.2647408 
-0.18917201 
-0.20984833 
0.910548 
0.55775064 
-0.19187243 
-0.22583866 
-0.06356662 
-0.08737166 
0.013967696 
0.5724284 
0.32258832 
0.32074383 
0.7247808 
-0.35489684 
-0.25809747 
0.230272 
-0.1096546 
0.3915531 
-0.26652625 
-0.05600812 
-0.026059201 
0.46963274 
0.67438537 
-0.016731944 
-0.12368683 
0.31635755 
-0.44154763 
-0.070265256 
-0.31023365 
0.23108882 
-0.23104414 
0.4717555 
0.41779566 
0.51566553 
-0.15123361 
-0.08414608 
-0.30353996 
0.76381713 
-0.21244913 
0.1674157 
-0.25630727 
-0.17565414 
-0.051159367 
-0.31185615 
-0.28699836 
0.05600356 
-0.16413559 
-0.29046908 
-0.038406048 
-0.08192927 
-0.52992326 
0.38912502 
0.0051121577 
-0.25843844 
0.6950634 
-0.22196382 
0.7983691 
-0.4698148 
0.25542414 
0.35719725 
-0.13677992 
0.34928903 
-0.17113869 
0.89692545 
-0.09811283 
0.6494154 
-0.34532848 
-0.2527616 
0.045988068 
-0.12141545 
-0.11901498 
-0.40825048 
-0.08289858 
-0.3631308 
0.3580358 
-0.18466495 
-0.44799927 
0.4295313 
-0.28136244 
0.12350652 
-0.14299878 
0.045120973 
1.1117926 
0.15683983 
-0.07972002 
-0.46705934 
-0.27940384 
-0.050137166 
0.49993902 
-0.2858445 
-0.0706371 
0.30205515 
-0.1510714 
-0.4088248 
1.0024245 
-0.06053991 
-0.40817457 
-0.22997758 
0.6421968 
0.5933003 
-0.017801609 
0.25387272 
0.5142208 
0.082034774 
0.5271578 
0.29957655 
0.35854575 
-0.21684863 
0.1678595 
-0.10348909 
0.26925585 
-0.26190194 
0.6997763 
0.4723073 
-0.02732389 
-0.33849388 
0.8446522 
-0.41367176 
-0.17507064 
-0.19561884 
-0.14507528 
-0.17933759 
-0.18619932 
-0.34731066 
0.936769 
-0.043581817 
-0.13316174 
-0.18145232 
0.48543346 
-0.19057468 
-0.24523598 
-0.12436344 
-0.117461525 
-0.14960986 
0.2309584 
-0.11750367 
-0.40420103 
0.4946464 
-0.30032662 
0.13452238 
-0.03925348 
-0.018340206 
0.4406375 
-0.41192842 
0.19255324 
-0.57814616 
-0.12615636 
0.63943076 
-0.45953265 
0.32932782 
0.034922924 
0.66487247 
0.71815634 
-0.18236798 
-0.3417752 
0.68785125 
-0.41085553 
0.14692703 
-0.39399257 
-0.3269513 
0.38826856 
-0.30755824 
-0.085263014 
0.06140056 
-0.2658731 
-0.3210751 
-0.44285747 
0.5450414 
-0.32208496 
-0.51954436 
0.74096483 
0.44581968 
0.39611033 
-0.32137802 
0.65912056 
0.27343577 
-0.2390711 
-0.06770571 
-0.31356612 
0.31817365 
-0.30769446 
-0.11908377 
0.06818141 
-0.15801728 
-0.32080558 
0.19351776 
-0.04297701 
-0.46304446 
-0.34258553 
0.4168134 
-0.30382103 
-0.35844728 
0.32770807 
-0.36010584 
-0.43507466 
0.7999857 
-0.30099028 
0.62912667 
0.529195 
0.19702518 
-0.09458605 
-0.4886756 
-0.3982798 
-0.30893654 
0.5356782 
0.50391984 
-0.11019575 
-0.30515558 
0.4443056 
-0.34670493 
-0.22935562 
