0.0035097175 -0.042392276 -0.036974397 0.15412927 0.19345343 0.1621842 -0.09307713 -0.09658998 -0.14594828 
-0.0006127755 -0.029871427 -0.058756143 -0.03961845 -0.021269709 0.04518404 0.23616892 0.1911049 0.27495614 
-0.08224731 -0.115271196 0.0076344907 -0.010025349 -0.091398954 0.050442073 0.015927179 -0.090633176 -0.076589055 
-0.14904255 -0.111269474 0.028179364 -0.21287875 -0.2616624 -0.1367662 -0.05340186 -0.024185829 0.07807233 
-0.0045995787 0.0021178243 0.0021135556 0.0049252645 0.00021921423 0.003207757 0.0023396541 -0.0017533868 0.002417272 
-0.15532497 -0.22420707 -0.28799295 -0.09489715 -0.0052087246 -0.045349214 -0.13056847 0.09708173 0.05770422 
0.004910088 0.0022016468 -0.0031494147 0.000625589 -0.0022543864 0.00016284335 0.0034949214 0.00079065986 -0.0025205761 
0.0028088524 0.0027925938 0.0015044984 0.0027236938 -0.005722939 -0.0025501759 -0.0022439137 -0.002753641 -0.00093640026 
0.031933967 0.048525944 0.05323352 0.034286622 0.047607698 0.040651836 0.012544545 -0.0033608652 0.0061947163 
0.035815917 0.082667135 0.19589922 0.05606105 0.05731055 0.17073779 0.3829844 0.46026027 0.47520357 
-0.2532687 -0.27687886 -0.27440625 -0.22243245 -0.15192847 -0.050234392 0.020923939 0.15171221 0.16725574 
-0.060518485 -0.05939016 -0.018065788 0.020007953 -0.05014611 0.0139349615 -0.09485461 -0.116217114 -0.01052472 
-0.14015825 -0.3047728 -0.2343918 -0.1027509 -0.1798203 -0.18674819 -0.0011015655 0.023420732 -0.15021135 
0.28685546 0.23529088 0.17475496 0.26387796 0.2916249 0.24810137 0.024509193 -0.07217239 -0.12921463 
-0.19821039 -0.2090928 -0.29909483 -0.28545138 -0.39989048 -0.46122643 4.5089637e-06 -0.0111962855 -0.113560535 
-0.0109527465 -0.026725292 0.042814627 -0.022385418 -0.09903149 0.04412618 0.18578802 0.12998505 0.25297546 
0.19963698 0.18965968 0.029399497 0.090422705 0.3064496 0.38341653 -0.30683354 -0.26908597 -0.39731058 
-0.29759008 -0.3014765 -0.29635632 0.25170267 0.22878563 0.10318678 0.16128878 0.13251084 0.16348061 
0.26835424 0.14954872 0.062416673 0.23742606 0.1640648 0.00028849582 -0.12013872 0.035106067 -0.18381646 
-0.17550346 -0.31371132 -0.13742712 -0.20877853 -0.26830828 -0.147398 -0.17633878 0.020853447 -0.006245227 
-0.0029840567 0.0011779397 0.0039324556 -0.0007198232 0.0021337082 -0.0046087382 -0.004787071 0.0016034542 0.003166124 
0.012546522 -0.030962221 0.07763863 0.23350398 0.26813018 0.30133644 -0.06032087 0.07832172 -0.030609243 
0.0018547319 0.00410378 -0.0022172406 0.0025389546 -0.005824233 0.00017876677 0.0051271846 -0.00046306496 0.0025155682 
0.001202458 0.0018673297 0.001527426 -0.0032764252 -0.0017719339 0.0035067964 -0.0039138403 -0.0026305763 0.0012434056 
0.0691336 0.068557315 0.038981065 0.03874729 0.0038678774 0.028888749 -0.03680425 -0.0826701 -0.06889361 
-0.095431976 -0.3425877 -0.107751355 0.11999369 -0.011454564 0.13930686 0.05316257 -0.013726955 -0.07519502 
-0.18943635 -0.31728286 -0.03944979 -0.0781422 -0.20704935 0.18341194 0.24647403 0.10725458 0.14611211 
0.088210374 0.08377941 0.14163905 -0.16126586 -0.23648478 -0.13476151 -0.10835663 -0.016603403 0.08365939 
0.07145895 0.13338594 0.09463669 0.20320903 0.22959335 -0.082055636 -0.12153714 -0.16647063 -0.29150063 
0.13965164 0.34034115 0.23549144 0.07845393 0.17912157 0.14686126 -0.43870202 -0.5177495 -0.28263277 
-0.31847137 -0.29387861 -0.18089154 -0.09220324 -0.05602744 0.055342652 0.1436903 0.10755874 0.24908246 
-0.19500104 -0.05392327 -0.09163666 0.09657868 0.12654199 0.0877429 0.109862775 0.05302074 0.014537882 
-0.008446214 0.045524437 0.10245951 0.20131686 0.0718828 0.2267632 -0.2376961 -0.3127465 -0.15187925 
-0.08431354 -0.040834643 -0.12249123 -0.053277697 0.030914936 -0.038374458 -0.12205278 -0.0594851 -0.080918 
-0.10640883 0.01450273 0.08876947 -0.058616113 0.080643676 0.13617638 -0.08359773 -0.10800919 -0.040649895 
0.17035477 0.17260996 0.15934923 0.23717852 0.17977487 0.20153835 -0.04955924 -0.068622224 -0.088010445 
-0.0015123973 -0.0026968888 0.0014880066 0.0031179169 -0.0028488915 0.003798982 0.0030712234 0.0037095896 -0.0009963848 
-0.104816884 -0.025449133 -0.089790896 0.20747417 0.1603873 0.03626463 0.047375575 -0.09420932 -0.10754694 
-0.004235176 -0.0029109519 0.0008003506 -0.0046415245 -0.0007246911 -0.0023356671 0.0026672927 0.0010728673 -0.0014168948 
0.0020077135 -0.004330033 -9.78092e-05 -0.0043458194 -0.0007093853 -0.0009277193 -0.001442881 -0.0006845899 0.0013046786 
0.0022268528 0.013712528 0.008168869 0.018283134 0.025901003 0.028364718 -0.04488063 -0.05364963 -0.04158284 
0.13110371 0.12432243 0.07614405 -0.017427512 -0.003974992 0.01118607 -0.23035999 -0.2737758 -0.25387278 
0.008353881 0.041337475 0.0025039788 -0.10608624 -0.16847114 -0.12724176 -0.35652134 -0.37942162 -0.34167418 
0.042704143 0.09607572 0.076754436 0.34907925 0.36708894 0.34379506 -0.018324861 -0.004551336 -0.0030553802 
-0.053195015 -0.019928822 -0.07715895 0.010285423 0.039992407 -0.047415607 -0.12059127 -0.14397743 -0.16506182 
0.070508346 0.064079285 0.04066974 0.2402931 0.21179642 0.19272755 -0.26453453 -0.3290523 -0.28619057 
0.04433913 0.013585797 0.047513213 0.035407327 0.025810044 0.023408541 -0.13239127 -0.1021224 -0.13233033 
0.005653582 0.08194163 0.026968364 0.037825014 0.19024734 0.20942923 -0.057361245 0.030475955 0.06296414 
0.30639896 0.46338323 0.42967826 -0.39963114 -0.40208364 -0.3767765 -0.65296113 -0.73642045 -0.6246653 
-0.020060932 0.023751823 0.096263014 0.28885123 0.151166 0.21447042 -0.10606027 -0.14694749 0.018903963 
0.29188555 0.055550467 0.015286905 -0.16320519 -0.0917439 -0.25691482 -0.08142488 0.027653204 -0.14119 
-0.16017626 -0.21451862 -0.18268937 -0.07211935 -0.02158381 0.063242726 -0.013196951 0.076659314 -0.030561881 
-0.0013988204 -0.0053504677 0.0020970406 -0.003442578 0.0027088101 0.004004338 0.00093479315 0.0003710992 -0.003799763 
0.121066965 0.158753 0.31834352 -0.1984303 -0.10007308 -0.23018526 -0.1906618 -0.069261044 -0.09953963 
-0.0046048104 0.004263703 0.004359385 0.0008665436 -0.0006037306 0.0013668421 -0.005177533 -0.0016024283 -0.006531347 
0.00361485 -0.0024439758 0.0033956484 -0.003908801 -0.0044666803 0.0031263826 -0.004409451 0.0044900468 -0.0012275442 
0.044965446 0.04426092 0.038418844 -0.06983898 -0.10747636 -0.06551469 -0.034531012 -0.06912353 -0.04871373 
0.10021566 -0.04224517 0.0987146 -0.099552296 0.078036055 -0.08789856 -0.36120424 -0.19348902 -0.16619457 
-0.22075005 -0.13937727 0.031745322 0.092851266 0.08059849 0.13481675 0.1562307 -0.20856705 0.19535452 
0.16799302 0.06628017 0.08176517 -0.17243399 -0.24387088 -0.027239518 0.12790443 0.23923588 0.16482769 
0.48750433 0.4838126 0.33115363 -0.0263022 -0.11288198 -0.27500707 -0.34782445 -0.581889 -0.46580273 
0.37879714 0.4671427 0.31706136 -0.55709606 -0.66292006 -0.46853477 -0.5679118 -0.6939037 -0.42380545 
-0.016180411 0.005251848 0.051693372 0.11330529 0.0063943462 0.23086333 -0.1081362 -0.22801459 -0.13944402 
0.34188303 0.22991025 0.20958957 -0.1834374 -0.4469075 -0.31542078 -0.12207001 -0.19779994 -0.25199136 
0.09202336 0.039925072 -0.24148789 -0.1416198 -0.12353059 0.44270828 0.09363402 0.15996668 -0.22834149 
0.05366081 -0.017128615 0.018857451 -0.0892995 -0.13018829 -0.09663483 -0.22046085 -0.14794953 -0.27716115 
-0.024108052 -0.26388597 -0.16977032 -0.14853105 -0.22532779 -0.1044798 -0.17141986 -0.301673 -0.11056629 
-0.07799658 -0.17964794 -0.050308898 -0.09568582 -0.12445881 -0.14788769 -0.21447691 -0.14550704 -0.098240435 
-0.0028407453 -0.0035925186 0.005323932 -0.0016489614 0.0034924443 -0.0044848025 -0.00083551265 0.0013165362 -0.004503264 
-0.28585652 -0.2906997 -0.3322307 -0.39272773 -0.35908648 -0.245909 -0.40657988 -0.3651548 -0.28625143 
-0.002649307 -0.0040251254 0.0046162275 0.0029436797 0.0056046983 -0.0043485966 0.0005130242 -0.0017093862 0.0029927585 
-0.0019420006 0.0015615331 -7.364814e-05 -0.0051376745 0.0031717014 -0.004165773 -0.0034937065 -0.0021337802 0.00022424341 
-0.0051886667 0.0040417677 -0.023227297 -0.0003934418 0.025116315 0.0141832605 0.0077559375 0.030589672 0.013501516 
0.17504984 -0.11680031 0.02035979 -0.091912255 0.14392236 -0.043059286 0.16502388 -0.038743723 -0.05306807 
-0.19616848 -0.030941883 0.045068316 -0.13066244 -0.13156319 -0.16044664 -0.18520315 0.047677416 -0.020188099 
0.031290524 -0.0095541 -0.021520194 0.0065720673 0.022566864 0.028706433 0.036052547 0.06611411 0.068162255 
0.34061503 -0.10775072 0.6016965 -0.19162437 0.30928227 -0.059459418 0.4129911 0.055665832 0.18329626 
0.17271622 0.032646667 0.065364726 -0.11268546 0.28058133 0.14107683 0.23633537 0.14680369 0.17605951 
-0.10436813 -0.21779251 -0.23682642 -0.029073996 -0.12362455 -0.11156033 0.0640077 0.12216761 0.12420329 
0.109497905 0.0004018649 -0.09151859 -0.14931345 -0.15734006 -0.08196999 -0.22000043 -0.2535107 -0.2813162 
0.39365688 0.09010923 -0.42836595 0.30547002 -0.009697032 -0.5023667 0.26561728 -0.08062586 -0.59262884 
-0.107932776 -0.0920909 0.022608291 -0.051960535 -0.081622235 0.03197205 -0.019697325 0.0017114958 0.08690544 
-0.023636691 0.13146143 0.0032722394 0.021325836 0.051079724 -0.0099574765 0.07408069 0.15592399 -0.024530208 
-0.2212505 0.03368165 0.035733383 -0.15168807 0.08151803 0.026087435 -0.08782614 0.14975809 0.124912955 
0.004725386 0.0034169657 -0.00045469764 0.0009562955 0.0036952917 -0.001451919 -0.0035331964 0.0021946863 0.0010422836 
-0.0008005049 -0.21207215 -0.0643288 -0.063449636 -0.2433176 0.006549601 -0.0074703484 -0.26940653 0.061652984 
0.00038804882 0.0047061443 0.006740101 0.0014154492 0.009044318 0.004954975 0.005724837 0.0046370365 0.006409186 
-0.0034806412 -0.0055643083 -0.005192522 -0.0011594446 -0.0045748777 -0.003261879 -0.0052877087 0.0024828946 -0.0012121889 
0.02614363 0.01741716 -0.012163015 0.011657352 0.0007306549 -0.026124088 0.03664097 0.012005663 -0.016117834 
-0.4051658 0.19790871 0.34785286 -0.38839912 0.23735474 0.31178162 -0.3921751 0.22098327 0.3095522 
-0.31776094 0.15649989 0.2871531 -0.4134635 0.17018534 0.3553776 -0.45869976 0.17367855 0.2787539 
-0.13819614 -0.049463604 -0.02816482 -0.16632873 -0.053938087 -0.010072237 0.03377286 -0.005522268 0.0323192 
0.10028281 -0.19732654 -0.43845683 0.15781526 -0.11087001 -0.4544888 0.034023717 -0.13590606 -0.36513495 
0.22910775 0.1551741 -0.48066074 0.15034282 0.08462716 -0.5006168 0.27795672 0.1293977 -0.4577721 
-0.016945718 -0.10356438 -0.07577116 0.09955328 -0.12592842 -0.1732773 0.040850185 0.0063439286 -0.0700386 
-0.07277591 0.15511172 -0.012367534 -0.09999155 0.08049823 0.004539611 -0.219328 -0.020430703 -0.003948807 
0.001083651 -0.004151146 -0.0038310161 -0.0069506383 -0.00287536 0.005008295 -0.003440031 -0.0016409153 -0.0023404206 
-0.0056403074 -0.0051844427 -0.005863916 -0.0015246663 -0.0050531845 -0.00093232456 -0.0019973072 -0.0027469539 -0.0014810803 
-2.9539684e-05 0.002805132 -0.004965493 -0.0023172274 -0.0051765735 0.0034143406 0.002533438 -7.366631e-05 0.0029266009 
-0.00021946612 0.0023917835 0.00091575127 0.0052765 -0.006970619 0.0009224949 0.004851573 -0.0017478307 -0.0039084884 
-0.0031970826 -0.0006276129 0.0026825336 -0.0036599254 -0.00069242436 -0.0029689516 -0.0041901125 -0.0043436377 -0.004700322 
-0.0012774423 0.0030644757 0.00038332833 0.0016039247 -0.004115398 -0.0007403166 -0.0016228794 -0.0014919495 0.003335837 
-0.0052055833 0.0012740033 -0.0037523718 0.00052975764 -0.0038864925 0.00092282495 0.0021354824 -0.0042054923 -0.00019901834 
-0.0005374496 -0.0027475832 -0.0016165635 -0.0017381575 0.0052118716 0.0035003526 0.0030226053 -0.0018626851 -0.002940328 
0.0029596973 0.0053758454 -0.0032174967 -0.0026450653 -0.002465008 0.0017379534 -0.003611809 -0.000893415 0.003539094 
-0.0009879267 -0.0047515878 -0.002262602 0.0015037878 -0.0039711217 -0.0023366057 -0.0026462567 -0.00038221886 -0.0017312076 
-0.005448545 -0.0037363241 -0.00070481887 -0.005911465 0.0035416454 -0.00045003794 -0.004966303 -0.00051155844 0.0024283098 
0.0021803356 -0.0017557398 -0.0020089245 -0.003489142 -0.004166775 -0.0051445104 0.0017842577 -0.0052382103 1.7706356e-05 
-0.0014886786 0.0016635316 0.0013961366 0.0032054293 -0.0010461068 -0.0048670783 -0.003235326 0.0009894728 -0.0071761482 
-0.003072597 0.0012196316 0.0007246771 -9.569606e-05 -0.0047721304 0.00022088506 0.0029031844 -0.0057526194 -0.004918568 
-0.0035346763 -0.0077451984 0.0011357001 0.0028572867 -0.00022004372 0.0025391541 -0.00090599555 -0.0014983215 -0.0035499553 
0.0021243172 -0.004035119 -0.0025070854 -0.0027909833 0.0035561975 -0.0005062929 0.0011067684 -0.0034798945 -0.005461363 
0.024656603 0.09453869 0.08497672 -0.033043813 0.009642171 -0.060203813 -0.353461 -0.22861995 -0.23695041 
-0.22479317 -0.15907122 -0.10205744 0.07419734 0.10228848 0.2171378 0.1822817 0.08440364 0.15732954 
-0.43031558 -0.33630916 -0.1628082 -0.3803865 -0.26518127 -0.17231338 -0.30681404 -0.17941605 -0.16858566 
-0.02609164 -0.048957687 0.023670373 0.039288286 -0.09798888 0.07960731 0.36833528 0.26973873 0.38936257 
0.0041002245 0.005339975 0.0015439502 -0.00078995194 0.0013226861 -0.00026854652 0.001237794 0.0022499503 0.002644167 
-0.39694652 -0.38744986 -0.44778347 -0.29763675 -0.27448425 -0.30825454 -0.17992239 -0.03135419 -0.18168269 
0.00030072825 0.0038615235 0.0012121268 0.003175579 -0.0051387046 -0.00047230767 -0.00037377313 -0.0027952117 -0.008641781 
-0.0042457096 -0.0033097942 0.0014501774 0.0027633887 0.0023621307 0.0050931494 0.00033052708 -0.0017506263 -0.0010659158 
0.018695157 -0.0100622345 -0.0012435785 -0.0050550574 -0.024888946 -0.006050807 -0.024143014 -0.047117773 -0.035848133 
0.31689388 0.040605247 0.29512468 0.38634896 0.18830514 0.27858797 0.31223294 0.18197286 0.4025336 
-0.10988938 -0.031994697 0.056875028 -0.11578897 -0.043979682 0.05589341 0.18175253 -0.072054476 0.28460675 
-0.06922862 -0.10799534 -0.08519096 -0.037047755 -0.15428516 -0.15410465 -0.31722197 -0.3675259 -0.35336348 
0.25515413 0.3286785 0.28179923 0.16207434 0.34034586 0.1616662 0.06465886 -0.021289086 -0.1465501 
0.32291183 0.2723649 0.3578509 -0.16038004 -0.09703713 -0.07111393 -0.42143926 -0.55913174 -0.33973786 
-0.15507095 -0.20973574 -0.33415538 -0.00373425 0.11736347 0.07222366 -0.011984297 0.120642066 0.025620341 
-0.124265805 -0.08962816 0.007115243 0.14159086 0.03174774 0.1354324 0.22490709 0.10392097 0.20860288 
-0.42315704 -0.20649096 -0.1692786 -0.12825263 0.03341788 0.013558925 -0.15099192 -0.06354773 0.0025729812 
-0.33325022 0.028832091 -0.3478471 0.0026998748 0.35428372 -0.006949928 0.013029977 0.3881721 0.030583147 
-0.053470008 -0.0066488036 0.02404552 0.14342014 0.13400854 0.15119323 0.06887603 0.18129878 0.03132796 
-0.017847793 0.037620727 -0.021877281 0.11128981 0.071296744 0.1329377 -0.03018254 -0.010594734 -0.019193925 
-0.0035853263 -0.0040777195 -0.001334978 0.0036841182 0.00015182566 -0.0045947297 0.0035822578 0.0031874664 0.003742273 
0.02013771 -0.021542285 -0.06208761 0.08582454 0.12997515 0.11754539 0.11189598 0.13666902 0.1234062 
0.0029934428 -0.0043923743 0.0024219658 -7.684557e-05 -0.004871979 0.0036586816 -6.0428156e-05 0.0036003145 -0.00015187291 
-0.0027012515 -0.0039413576 -0.0039537884 -0.005005515 0.004982708 0.0030000275 -0.0024677683 0.002345177 -0.0015393673 
-0.03995956 -0.033349708 -0.031764835 0.022969076 0.03464585 0.037948128 -0.026872396 -0.029655669 -0.014802416 
-0.48666903 -0.27680093 -0.4753373 -0.042807423 0.10472249 0.026066061 -0.21269077 -0.00029461057 -0.087136656 
-0.36554414 -0.08938998 -0.28638676 0.4019682 0.5463242 0.37870592 -0.117834724 0.15658487 -0.051377874 
-0.13993016 -0.05878511 -0.10555265 0.08022776 0.06995819 0.04652095 0.06616569 0.16062571 0.08246741 
-0.22321701 -0.111624636 -0.20032953 -0.026077913 0.024662819 -0.08610635 0.008166338 0.041124158 -0.12078943 
-0.1801761 -0.23920353 -0.36407006 0.066144615 0.012106374 -0.009936233 0.06550972 -0.10272532 -0.1643258 
0.09948077 -0.06772118 0.083419375 0.055038553 -0.098023914 0.06311544 -0.2023006 -0.30544585 -0.22223988 
-0.3947755 -0.064223416 -0.3195128 -0.048733108 0.26550937 -0.011152377 0.06112381 0.4425945 0.19210608 
0.17722462 -0.15014651 -0.24381395 -0.066807516 0.015375735 -0.008817758 -0.36310017 0.24500546 0.57868475 
0.06974045 -0.077358454 0.14115044 -0.061684035 -0.17450133 -0.07105151 0.013588006 0.05742139 -0.09370943 
-0.0036111143 -0.13942866 -0.044269186 -0.07287598 -0.116249725 0.01420821 -0.11975755 -0.15433596 0.125583 
0.13081618 0.15220746 0.057369687 0.009705376 0.119810365 -0.06196056 0.008405818 0.03280745 -0.077940136 
-0.0017193557 0.002673089 -0.0013600971 0.0015231901 -0.0030648042 0.0011167874 -0.0030326827 -0.0028366637 0.0011761142 
-0.034825042 -0.066202596 0.050114475 0.15644526 -0.07625763 -0.11895012 0.3794998 0.12582754 -0.03138061 
-0.0024551156 0.00397104 0.00555316 0.0044573066 0.0022831364 -0.0003509966 0.0027968579 0.0063994587 0.0070040454 
-0.003947406 0.0039995816 -0.0016652435 0.0012654377 -0.002794247 -0.005468907 -0.0034799154 -0.0045463187 0.0014353442 
-0.035973027 -0.038463905 -0.03030802 -0.019965021 -0.0042568734 0.0068043745 -0.025101744 -0.0092098145 -0.0035049054 
0.064107515 -0.10865804 0.016628958 -0.16796793 0.105072565 -0.25036815 -0.15119262 0.22393566 -0.022454068 
0.14187363 -0.08484595 -0.054019846 -0.11125181 -0.36598334 0.012379222 -0.14269733 -0.010357995 0.06946698 
-0.0045847204 -0.017612897 -0.016108744 -0.088155605 -0.032869946 -0.007087526 -0.0020449103 0.09693517 0.008638806 
0.03886559 -0.026663708 0.10969246 0.104061134 -0.021903973 -0.18545015 0.3928353 0.20809637 0.061119527 
-0.26475424 -0.14946735 0.04066069 -0.027162712 0.067215934 -0.054622304 0.20895019 0.05743451 -0.18735912 
-0.030525794 0.17035468 0.18411112 -0.10423879 -0.01983315 0.15202272 -0.35556406 -0.3101121 -0.1817372 
0.08347231 -0.11610384 -0.04441189 -0.059137426 -0.005081821 -0.013622554 -0.09512944 0.22231753 0.10546471 
0.2445712 0.04230608 0.14780086 0.049435873 -0.24564268 0.05710025 0.04058745 -0.15883891 -0.1563994 
-0.13944282 -0.106580935 -0.12793784 -0.03791558 0.023936817 -0.09276349 0.08373387 0.109690875 0.0042206934 
-0.0048035174 0.1463884 -0.02031961 0.013249083 0.09409764 -0.01756828 0.01841108 0.043159325 -0.005675263 
0.33611012 0.22462733 0.11080446 -0.027367026 -0.12061185 -0.091225944 0.14873174 0.112279326 0.16216585 
0.0031165169 0.0051276893 0.004125225 0.0039216247 0.004695678 0.0030791191 1.3176936e-05 0.004643375 -0.0013195969 
0.18278207 0.03363796 0.032316536 0.08694999 0.06729855 -0.040073235 -0.06319224 0.053035945 0.12458259 
-0.004940397 -0.0015841414 0.0032608558 -0.0059174486 -0.0003790192 -0.006323233 -0.0009235768 -0.0013516936 -0.0040427935 
0.0041484283 0.004451862 0.0007184601 -0.0051286924 -0.0029644745 -0.0030450241 0.0030507417 -0.005540023 -0.0007428847 
0.017719677 -0.004696013 0.0009949204 -0.0029538956 -0.019379001 -0.010933074 0.006041307 -0.02026515 -0.0040757703 
0.19205509 0.05909862 0.00054401136 0.046454016 -0.07255548 -0.025463784 0.031802524 -0.02184867 0.0657778 
0.21561682 0.26377678 0.31911433 -0.144593 -0.16755804 -0.15038764 -0.15215334 -0.08880095 -0.21459903 
-0.045944568 -0.058520902 -0.1269122 -0.3780072 -0.41940773 -0.44906667 -0.3758206 -0.3870282 -0.3698272 
0.22363643 0.24184379 0.13578701 -0.05062239 0.028579585 -0.052084032 -0.10646377 -0.065374844 -0.04300584 
0.119321615 0.13513708 -0.025119098 -0.15970999 0.018884055 -0.13363715 -0.14666986 -0.00012865194 -0.07640728 
0.5109708 0.43069422 0.5687779 -0.028335106 -0.15809311 -0.10172554 -0.30927792 -0.44711933 -0.38441977 
-0.097803876 -0.02355285 -0.09824837 -0.035405394 0.00092939823 -0.06120091 0.028849931 0.056832917 0.022509746 
0.083032556 0.23289686 0.1524303 0.057719804 0.14846043 0.13581991 0.17674737 0.14575845 0.2020707 
0.11113585 -0.0016666044 -0.058665574 0.14676103 0.053061552 0.098178804 0.15174459 0.019010717 0.034439966 
0.03940345 -0.041919515 0.055371054 0.00020446477 -0.04398676 0.09775691 -0.03822326 0.003250701 0.15293607 
-0.058780454 -0.15247549 -0.0023781008 -0.1251527 -0.17181087 -0.062120482 -0.24058503 -0.08248824 -0.14501503 
-0.0033825398 0.0041359733 0.0022526218 0.00088361395 -0.0044840705 0.0040933737 0.0019588557 -0.0037974846 0.0004911084 
0.42678002 0.23903213 0.22400458 0.14968728 0.020035671 -0.015543264 0.23449521 -0.085003935 -0.07741311 
0.0024081205 -0.002160206 -0.0038447964 0.0016156832 0.006714675 -0.0019727089 0.003033189 0.0036331771 0.0024183285 
-0.0010205568 0.0014688055 0.0010453115 -0.0010354626 -0.005347193 0.005159902 -0.0052335914 0.00020565308 0.00015503072 
0.0057343743 0.013694362 -0.01504803 0.008090199 0.038390465 0.017442077 0.03666037 0.070114575 0.06477571 
-0.45557386 -0.35282627 -0.31548202 -0.34425753 -0.34909454 -0.2904448 -0.49751976 -0.33162254 -0.40108743 
-0.025177687 -0.022321496 -0.03483707 0.05630206 0.029881062 0.025247714 -0.2066959 -0.1738102 -0.20528618 
-0.007167995 -0.035421714 -0.009164926 -0.20010991 -0.17942937 -0.22092542 -0.35648358 -0.22621204 -0.31322643 
-0.029204948 0.0037643518 0.006669907 0.11000233 0.06383117 0.03219537 0.04599506 -0.08169267 -0.08620405 
0.06213652 0.09292575 0.011427014 0.07551846 0.12849273 0.040025182 0.39564568 0.34898004 0.43300992 
-0.014073293 -0.24325757 0.023835918 -0.041015495 -0.12007175 -0.010139565 0.0048599187 0.06585891 0.07256088 
0.1297749 0.029134452 0.17606689 0.17212813 0.10567618 0.24045064 0.103083715 0.084443815 0.20636585 
0.16394684 -0.20564303 -0.026333416 -0.2812488 0.36566588 -0.21682844 0.25316557 -0.15500766 0.2672747 
0.048765164 0.16203292 0.02017774 0.026609212 0.04316571 0.11999856 0.12948926 0.08308078 0.04866948 
-0.13268007 0.025805542 0.057722356 0.0083094835 0.0110514825 0.0025235969 -0.062277623 -0.030785348 0.009414389 
0.0103133265 -0.08570025 -0.12697528 -0.15637088 -0.013598804 -0.066769674 -0.08877365 -0.15139163 -0.24180095 
0.0039200247 0.005941263 0.0005686217 0.003334671 -0.0037850523 0.00017175965 0.0055745617 0.0048398795 0.0019916957 
-0.13294216 -0.2782008 0.041891005 -0.25188875 -0.16553812 -0.21984044 -0.2239396 -0.31606686 -0.23064142 
0.002841259 0.001552636 0.010169155 0.0036871198 0.008906421 0.004296891 0.0052608685 0.00045599727 -0.0013953678 
-0.004765343 0.0007509099 0.003576136 0.0012166619 0.0010529836 0.003927601 -0.0022195834 0.0018096421 -0.002059798 
-0.008018203 -0.004329856 -0.019020848 0.00025763843 0.03969047 0.0681199 0.021917526 0.025556266 0.039411053 
0.070196316 -0.06547849 -0.2010154 -0.1177049 -0.021381842 -0.074855074 0.016164625 -0.116505094 -0.14377896 
-0.03901572 0.05801707 0.08720133 0.08878615 0.025446337 -0.03446768 -0.14531706 0.0062576295 0.08112481 
0.014274013 -0.005416595 -0.023766126 0.039288126 0.15765117 0.10536605 0.1436682 0.1587774 0.0673476 
0.31884044 0.7490239 -0.12717769 0.4398672 -0.35722786 0.6627829 -0.06552099 0.5022869 0.06699545 
0.023947772 0.27241 -0.2765944 0.0038510452 -0.19687065 0.57320315 0.03733328 0.24063964 -0.048478827 
-0.062749416 0.04876499 0.04759776 -0.097804636 0.15884823 0.051622737 -0.36621207 -0.21542604 -0.26408848 
-0.004993816 -0.014384738 0.06033466 -0.028617758 -0.014307288 -0.071911894 0.0035948614 -0.027122183 -0.067970455 
-0.10095949 -0.036069598 -0.27427113 0.059819132 0.19813219 0.13016976 -0.071911864 0.097751506 0.043655034 
-0.071783185 -0.017282685 -0.01534795 -0.032589883 0.042365286 0.086045906 -0.017968861 0.08001897 0.11626592 
-0.14467369 -0.08671415 -0.049669057 0.009697612 0.025674261 0.08822465 0.08769765 -0.010832863 0.071656935 
0.0837306 -0.1462574 0.04810704 -0.3148077 -0.33533934 -0.2802173 0.09825003 0.0033800215 0.26529118 
0.009467897 0.009575145 0.009454838 0.004035987 0.0016532162 0.0015197957 -0.0057053985 -0.0044041118 -0.0038841204 
-0.44438702 -0.12854978 -0.32211697 -0.12568547 -0.055981174 0.09360083 -0.06049287 0.0065744794 0.1774802 
0.0019834994 -0.0071161906 0.0010453174 -0.0045556473 -0.007814929 -0.0027287274 0.0011069077 -6.256013e-05 -0.006162568 
0.0008372866 0.001914678 0.0035217048 0.0007592727 0.0027717876 -0.00387135 -0.0017743878 0.004765393 -0.004487762 
0.017505972 -0.017476283 0.032050926 0.0669111 0.020205397 0.09053356 0.081562296 0.048742298 0.078875475 
0.6384689 0.38067368 0.47634175 -0.7031426 -0.80820996 -0.5103548 0.1485948 -0.09699424 0.2172786 
-0.052534215 -0.13527109 -0.046770684 -0.18561319 -0.316479 -0.12171289 0.23443323 -0.03258116 0.17490397 
-0.052246112 -0.105144225 0.026192423 -0.22792548 -0.221432 -0.1610226 -0.21532317 -0.26831487 -0.17002697 
-0.38917333 -0.104420856 -0.12991343 -0.27008677 -0.24201135 -0.32798207 -0.22085315 -0.12778156 -0.15196155 
0.045448914 0.043229517 -0.053800505 0.31347233 0.30303967 0.18515885 0.3790475 0.34252045 0.22909556 
0.11690676 0.1968013 0.108887725 0.051714823 0.09671015 0.024095558 -0.0949313 -0.06572086 -0.22886337 
0.003529464 -0.02438243 -0.036199875 -0.18317877 -0.20408349 -0.20645842 0.04224925 0.043646164 0.02885527 
0.10983882 0.16329563 0.26630017 -0.05671421 0.04102419 0.28792974 0.11402176 0.12945038 0.31483445 
0.22373442 -0.036480688 -0.12494556 0.16047205 -0.019782182 -0.0863787 0.08726495 -0.06296066 -0.066593565 
-0.089151695 -0.22884057 -0.014657195 -0.09716069 -0.4069231 -0.033026736 -0.037646137 -0.41369545 0.016623003 
-0.04777684 -0.05344548 0.15904279 -0.0613535 -0.0488406 0.17178291 -0.091907084 -0.017598795 0.1279563 
-0.001573637 -0.003547548 -0.0011522392 -0.0045221737 -0.0026485273 0.0024673077 -0.0028962328 -0.0042408146 -0.004218975 
0.13032572 0.022834059 -0.018077942 0.006341819 0.006669895 -0.030968053 -0.043211974 -0.01362517 -0.058716375 
-0.0022791054 0.0005988728 0.003626617 0.00039786228 0.0021571587 0.0031888133 0.004898574 -0.0007663367 0.0043405215 
0.00093615946 -0.004598977 0.0042365002 -0.0029517284 -0.004779982 -0.0009873913 -0.0008481827 -0.0004437218 -0.0008415752 
0.005274564 0.00018297517 0.00709172 -0.020433621 -0.0063972333 0.002262509 -0.015219939 -0.014821283 0.010241108 
-0.22538456 0.0015121878 0.16143379 -0.17314515 -0.009159325 0.2592564 -0.16355114 -0.14554061 0.14592041 
0.04869156 0.058089618 -0.075709954 -0.060725857 0.0933119 0.24415095 -0.26060998 -0.09415484 0.072186016 
0.019064931 -0.0008075105 -0.014360321 -0.06814745 -0.08794283 -0.020398073 -0.03245767 -0.045268577 0.028122786 
-0.05036677 -0.06816516 0.022271609 -0.14942735 -0.07336909 0.03311435 -0.31337166 -0.19524182 -0.010160824 
-0.09279481 -0.09842945 -0.06284203 -0.23406182 -0.16269752 -0.11565036 -0.26414242 -0.30735534 -0.070121564 
-0.42090875 -0.12850676 0.8487594 -0.42924342 -0.15601118 0.53504217 -0.40890878 -0.1475305 0.4954721 
0.19750983 -0.03046705 -0.11927853 0.21943772 -0.016291605 -0.041787986 0.2764471 -0.045185745 -0.044055644 
-0.14829159 -0.11176196 -0.064900115 -0.35845774 -0.2365595 -0.14799514 -0.34605306 -0.18455747 -0.07177904 
0.2137884 0.010213836 0.07290724 0.17790426 0.009782067 0.113553956 0.013385007 -0.09854855 -0.06709665 
0.0071005034 0.0035134375 -0.043025997 -0.058482867 -0.07022492 -0.08275384 -0.059950154 -0.08834268 -0.06418854 
0.12943637 -0.00078179396 0.17339036 0.006934792 -0.087125935 -0.054450426 -0.14465097 -0.09279827 -0.15364617 
0.001046325 0.0024289507 0.0037051616 0.0019530277 -0.005642149 0.0010787732 -0.0049218307 -0.0037786155 -0.0010661103 
0.083213136 0.094883524 0.055252817 0.013176683 0.0039352016 0.053855494 -0.1187972 -0.040337358 0.0033582156 
0.0009164929 -0.0011794068 0.0035379776 -0.004407184 -0.0043697353 -0.005452172 0.002766311 0.0026838859 0.0045753727 
0.0028809588 -0.003823318 0.005033224 0.0052881166 0.003527561 0.0013893013 0.00406035 -0.0023394641 -0.0006233115 
0.0152523285 -0.008668088 0.010356575 -0.022206513 -0.029977413 -0.015574991 -0.017306117 -0.031559344 -0.018799173 
0.299384 0.12829208 0.31737038 0.045643263 0.02028086 0.0075765643 -0.15243661 -0.06197417 -0.090923846 
0.26663628 0.103152014 0.10957086 0.18368377 0.06637267 0.09398697 0.07557268 0.08148128 0.07582154 
0.1019042 0.04937787 0.11997652 0.14354135 0.08833983 0.12984361 0.34730637 0.38869497 0.3469208 
-0.37177482 -0.3102083 -0.3697046 -0.3530404 -0.39044717 -0.44881025 -0.32481727 -0.3808745 -0.41247392 
-0.064641066 -0.08088022 -0.083630644 -0.2670071 -0.36050978 -0.26996133 -0.14446588 -0.256736 -0.1937394 
0.06409123 0.13791949 0.11039299 -0.17447716 -0.14664577 -0.17461705 -0.06214488 -0.059668425 -0.06440553 
0.017691731 -0.04682826 0.025086675 -0.06839102 -0.1594667 -0.08811314 0.08058882 0.029067105 0.0690838 
0.026893929 -0.0719297 -0.12322637 0.214394 0.26457706 0.028639462 0.17344454 0.26521993 0.1835435 
-0.10791117 -0.06201677 -0.05518856 -0.27412212 -0.22408517 -0.24149208 -0.098583736 -0.0137105975 -0.014971719 
0.06706329 0.09119559 0.09344564 -0.03223049 0.016084494 0.12138048 -0.09014352 -0.13617006 0.184107 
-0.21650366 -0.25317794 -0.24464096 -0.018184397 -0.04050096 -0.1549076 0.2783967 0.18443723 0.28633633 
0.0019920124 0.00565788 0.0011620417 0.0015400795 0.00034242394 -0.0010617825 -0.0046491576 -0.0056163953 0.0049477546 
-0.0042540394 -0.07330419 0.032746904 0.11500901 0.16391984 0.17444059 0.022562202 0.008370828 -0.1001405 
0.0002998459 -0.00625064 -0.0026817692 -0.00041957712 -0.0066202753 0.0002526484 -0.0010208868 -0.0035965247 -0.0019713507 
-0.0018641922 -0.0051132995 0.0056462055 -0.0011068139 -0.0049778023 -0.005379025 0.0017333163 0.0051146057 -0.0037263567 
0.023945425 0.01388969 0.0106077045 0.02179841 0.032181047 0.015894782 0.02260054 0.063000284 0.046575 
-0.58037645 -0.63273203 -0.59568703 -0.2776952 -0.2623414 -0.17801134 0.198446 0.2215037 0.3096689 
-0.50205237 -0.5365229 -0.49409765 -0.25237754 -0.23882279 -0.24686168 -0.0064752647 -0.012564864 -0.023429617 
-0.008340677 -0.009823591 0.004650441 0.14755554 0.13127595 0.11402564 -0.08122853 -0.093264975 -0.05355475 
-0.22373942 -0.3634934 -0.27798757 -0.020020643 -0.04215321 -0.026050316 -0.010956452 0.027862526 0.07793023 
-0.026985455 -0.043033738 -0.034131054 0.044600558 0.17246832 0.23646584 -0.055243332 0.11740546 0.2086279 
-0.41099116 -0.42072144 -0.43761322 -0.03475514 -0.050731514 -0.15684623 0.51434606 0.52421176 0.5031615 
-0.124527946 -0.039663285 -0.07888192 -0.102838725 -0.010052467 -0.06052768 0.13778983 0.28975546 0.19630894 
-0.48317605 -0.07572029 -0.042843074 -0.69362366 0.021717463 0.13607939 -0.8474709 0.11292109 0.21606614 
-0.0050845356 -0.1086784 -0.16732846 0.13332143 0.112266086 -0.13370098 0.12143605 0.07429728 -0.10305465 
-0.022825232 -0.36094686 -0.06794178 -0.0018937006 -0.3463164 0.07554635 0.033473276 -0.3039767 0.16095781 
-0.09222545 -0.034941714 0.0046044737 -0.18337928 -0.08161432 -0.057458423 -0.18943433 -0.00015264409 0.07185267 
-0.0052607083 -0.001145959 -0.0052647884 -0.0048844838 0.0037306512 -0.0056744176 0.0023743934 0.0015885213 -0.0016364565 
-0.16060646 0.2637528 0.2463943 -0.116635844 0.1296403 0.08116849 -0.13552016 0.2001436 0.049471222 
0.0023828018 -0.0049418616 0.004548832 -0.0023574496 0.0029066107 -0.0012670306 0.0016125282 -0.0062956647 0.00036227642 
0.0007680851 0.0037122727 -0.005175311 0.00093689305 -0.0032208802 0.00012112753 0.0005855291 0.0023389629 -0.00019178403 
-0.04950203 0.056227166 0.02058176 -0.037601206 0.06391769 0.025015721 -0.040663846 0.07475125 0.04855502 
0.30145985 0.10917124 -0.29244635 0.20318814 0.18567915 -0.19574945 0.09440669 0.31823936 -0.11703185 
0.29037395 0.014447929 0.05378929 0.2941805 0.124460354 -0.112111375 0.14958708 0.12379974 -0.22852929 
-0.07439225 -0.09819521 -0.11967464 -0.13346677 -0.15636322 -0.20249374 -0.0106574455 0.012540413 0.075019896 
-0.2594315 0.24386995 0.26645115 -0.49933282 0.18366185 0.21053208 -0.70169854 -0.075218946 0.12553489 
-0.46035144 0.16588713 0.27941582 -0.5521871 -0.01401611 0.093922526 -0.6901524 -0.005428785 0.2688627 
-0.19660076 -0.04209411 0.01627224 -0.27761987 -0.051529456 0.17288658 -0.31550393 -0.12798817 0.12104076 
-0.016429571 -0.111542635 -0.18615751 0.04055369 -0.043522697 -0.101600766 -0.027247999 -0.13061497 -0.17268428 
0.37839776 0.38935527 0.1271938 0.118327856 -0.108954646 -0.18691035 -0.26407546 -0.36565527 -0.39253354 
-0.11164818 -0.14823319 -0.14325194 -0.22497375 -0.16316892 -0.19249815 0.05311823 0.02647099 0.052961823 
0.008522168 0.076293945 -0.021133928 0.19654092 0.05473653 -0.024731403 0.23493412 0.094285116 0.0038414814 
-0.1340184 -0.17358394 -0.24055746 0.067431994 -0.09576413 -0.2349598 -0.12942721 -0.1868619 -0.23156507 
-0.003221367 9.786369e-06 -0.00428345 -0.004665781 0.0020601572 0.0010036357 -0.003848082 -0.0024999217 -0.0040329443 
0.11820336 -0.18012865 -0.16176108 -0.059583474 -0.35396117 -0.2525447 -0.077145055 -0.34330565 -0.27482533 
-0.00152458 -0.003560762 0.0023264866 0.000464813 -0.0016527493 -0.0041253096 -0.0027930972 -0.0021503475 -0.0057322215 
-0.0018967316 -0.0015089007 -3.5260052e-06 0.002645558 0.0002524856 -0.0006712758 0.0037690927 0.0009135368 -0.0021805863 
-0.006535695 0.021938883 0.0068709077 -0.01557593 0.011080932 0.009930524 -0.017490508 0.002212018 -0.0069213146 
0.05204024 0.21365102 0.24090755 -0.16450866 -0.043864783 -0.21444312 -0.0186425 0.035442818 0.039777305 
0.06471384 -0.065732606 0.083987586 -0.09312774 0.012279772 -0.08312009 -0.025893614 -0.064734526 -0.29974338 
-0.06431279 0.011851119 -0.05377888 0.03257724 -0.045113977 -0.069501154 0.0840395 0.04550279 0.04008729 
0.024044663 0.0824903 0.057604246 -0.0031123417 -0.015642589 -0.18121305 -0.1450095 -0.36230358 -0.47704184 
0.06801619 0.2354166 0.24359687 0.053675853 -0.016910141 -0.07783345 -0.071939595 -0.14973424 -0.3049033 
0.05329082 0.04919592 0.010670003 0.035013646 -0.11778583 -0.11912503 0.032265637 -0.11027756 -0.10889855 
-0.16600938 -0.13438731 -0.17885032 -0.23923354 -0.12715322 -0.050673038 -0.06056924 -0.03971853 0.02363898 
0.35282242 0.40152928 0.24500531 -0.003568303 0.06062166 -0.024793698 -0.25972623 -0.022858042 -0.30377564 
-0.11263573 -0.06654912 -0.11731307 -0.22869325 -0.22244371 -0.20586787 -0.15367281 -0.11710758 -0.058611985 
0.039042715 -0.04662733 0.10059267 -0.1600981 -0.20769934 -0.063021146 -0.21393636 -0.21921347 -0.016352654 
-0.20161214 -0.19395442 -0.13060002 0.070015475 0.10208723 0.071915165 0.11167506 0.12597644 0.19199888 
-0.00027805232 -0.00393984 -0.0012958646 -0.0024209586 0.0035538075 -0.0010258907 -0.006235787 0.003235198 -0.004635922 
-0.104761764 -0.0032313226 0.18342474 -0.2522639 -0.19176121 -0.041023076 -0.2501596 -0.2214142 -0.18937203 
0.0048620296 0.0017438879 -0.0017252841 0.0013333369 0.0011018299 0.0037505876 -0.00088361074 0.0030677912 -0.0060293507 
-0.002592195 5.964449e-05 -0.0017034014 -0.0010648161 -0.0023356788 0.003728232 -0.005551761 0.00064124935 0.0021654747 
0.048261825 0.061977904 0.07972713 0.008245611 0.001081447 0.032015927 -0.0059686485 0.010611052 0.015857559 
-0.29690436 -0.24524254 -0.22344595 0.045342118 0.038862333 0.023386879 0.19799654 0.25525454 0.3277746 
-0.31819838 -0.33745134 -0.39945865 -0.1297283 -0.13970448 -0.20724373 -0.06946936 -0.0009906294 -0.1059198 
-0.048767876 -0.035256118 -0.045211706 0.06876392 0.07539964 0.04701378 0.26154706 0.21624321 0.18417086 
-0.20702763 -0.16849947 -0.24846648 -0.14597577 -0.119900785 -0.15403514 -0.16191374 -0.13902995 -0.16088521 
0.564864 0.6450866 0.48001194 0.24072327 0.17410018 0.13896944 0.00715978 0.09389274 0.069074206 
0.13504842 0.004093013 0.20646104 0.021689892 -0.09403134 -0.06346226 0.03654319 -0.08535079 -0.14197777 
-0.14946255 -0.21921787 -0.11273082 -0.1813158 -0.26430908 -0.14371608 -0.09442092 -0.15184692 -0.072120965 
-0.43885395 -0.4106188 -0.116673276 -0.27510616 -0.34921154 -0.16452192 0.15338862 -0.09483416 -0.010284543 
0.022971375 0.029626828 0.02386175 -0.011104439 -0.034373328 -0.030132858 0.092813395 0.054735117 0.055547733 
-0.07672892 -0.033525523 -0.03172846 0.004170894 -0.08150517 -0.015799623 0.062342223 -0.01871127 -0.011784979 
0.14700854 -0.10127115 -0.073060274 -0.04565864 -0.13961507 -0.14011453 0.06555866 -0.18160495 -0.13231857 
0.0051114857 -0.00026473144 -0.0023080327 0.003364041 -0.0004225297 0.0012829468 -0.0005434438 0.0043085036 -0.0002574657 
0.2861644 -0.08365654 -0.020545546 0.11779581 -0.1508057 -0.011373651 0.0982544 -0.16740607 0.027552284 
-0.002602335 -0.0072625983 0.001428483 -0.002191459 0.004177817 0.00069088256 -0.004117052 0.0012010958 -0.004929417 
0.00075330783 0.0026251278 0.0013111637 0.0016172158 -0.0021249799 -0.0017873643 -0.0018860375 -0.004346774 0.0022377844 
-0.03138341 -0.038386267 -0.01690163 -0.01914653 -0.025182527 -0.016240224 0.014710137 -0.00791292 -0.009517339 
0.13064766 -0.21255314 -0.12777267 -0.1652243 -0.22055 -0.28018084 -0.0039915005 -0.2957266 -0.26605374 
-0.38771537 -0.40331858 -0.4651719 -0.35574645 -0.37687632 -0.37140396 0.06295885 -0.07995738 -0.042085566 
-0.01341404 -0.047312465 -0.02050301 0.03052685 -0.0068256785 0.00048777257 0.23011835 0.0910273 0.091220886 
-0.24647975 -0.39846745 -0.37223446 -0.17515859 -0.380478 -0.40138623 0.24321711 -0.1606272 -0.10712147 
-0.015132882 -0.24495682 -0.34234846 0.0070834537 -0.17708683 -0.24490677 0.29776636 0.019239672 -0.1828013 
0.05979361 -0.0006040105 0.08170171 -0.0017643938 -0.058253773 -0.015365347 0.16155156 0.07205398 0.11404635 
-0.05547209 -0.036322054 0.11060427 -0.052585885 -0.05035508 0.11066746 0.14926602 0.11223019 0.27989912 
-0.18299851 -0.21258767 -0.1696975 -0.19858515 -0.28420022 -0.2603972 -0.23442617 -0.13964187 -0.15877469 
0.12540805 0.022407498 0.18816487 -0.005977289 -0.07316537 0.037889965 -0.17824532 -0.18477188 -0.19835538 
0.1906686 0.13344277 -0.09197252 0.12112155 0.12651064 -0.046719782 0.091679566 0.085355125 -0.025243688 
-0.06124331 -0.038545348 -0.005593163 -0.19210517 -0.1531311 -0.17028491 -0.05069654 -0.03768152 -0.08048738 
0.0046962183 -0.0020597365 -0.0033218064 0.0044900575 0.0013758781 0.0009333645 -0.0027838429 0.0015168422 -0.0017730929 
0.043957133 0.23743734 0.27948686 -0.007714891 0.00956346 -0.038212806 -0.047525126 -0.029098017 -0.02234843 
0.0003400623 -0.0042551747 -0.0053579956 -0.001654751 0.003971493 0.0019407438 0.00052634266 -0.002269207 -0.000605744 
0.0014503979 7.3188356e-05 0.0022429575 7.71809e-05 -0.0031781062 0.0005200634 -0.0015907937 0.0021587946 0.0025559624 
-0.029905427 -0.04173721 -0.025280394 -0.020840988 -0.026558679 -0.02731717 -0.0055810227 -0.008602579 -0.0139127355 
-0.084817834 -0.15015681 -0.026804812 -0.32206985 -0.34383526 -0.32516167 -0.38403204 -0.34912166 -0.37011904 
0.38058627 0.38622016 0.4031288 0.0059272046 -0.10032163 0.07955069 -0.22212897 -0.2723896 -0.19052847 
-0.025798652 -0.036689293 -0.006382843 0.07297103 0.0934328 0.109187976 0.28129688 0.34872803 0.3286821 
-0.15386656 -0.053520016 -0.030649956 -0.16027406 -0.16754162 -0.23247257 -0.13503823 -0.15282069 -0.24090435 
-0.21480288 -0.16937032 -0.17434138 -0.30292696 -0.26700437 -0.21740064 -0.0852598 -0.060858987 -0.1560495 
0.0042935046 0.005222688 0.045843687 -0.19448134 -0.24703391 -0.18965621 -0.091213405 -0.17840552 -0.11322547 
0.093920715 0.03347764 0.155373 -0.08296434 -0.14345197 -0.13137373 0.032965362 0.027376171 -0.017935723 
-0.4701837 0.31135386 0.109274566 -0.4768328 0.24883766 0.070563965 -0.4393061 0.28987423 0.111816734 
0.022643771 -0.11043446 -0.05543108 0.08854372 0.024436792 0.044660736 0.018930638 0.040009737 0.089387506 
-0.046248697 0.16853604 -0.03341336 0.03925867 -0.035704944 0.03904787 0.0783356 -0.047349423 0.0981677 
-0.04160709 0.0052839583 -0.19821344 0.087479845 0.13583606 -0.23389675 0.080183804 0.2294575 -0.074505836 
0.0009787444 -0.0019367466 -0.0008261063 -0.0059871534 -0.00014349309 0.0006755006 0.0008949837 0.0036498536 0.0020138856 
-0.06654097 0.03886294 -0.10437975 -0.098992564 0.015188442 -0.14844406 0.11623744 -0.097398214 -0.11115039 
0.003937635 0.00428432 -0.002806271 -0.004321057 -0.0010851857 0.004254322 0.004347027 0.0023301714 0.0011063936 
-0.0029005343 0.000118095915 0.0016688107 0.004030448 0.003337578 -0.00017863371 0.0043085236 -0.0018833673 -0.005338422 
-0.033178203 -0.019205393 0.011524252 -0.05856449 -0.025078652 0.0033476178 -0.034499 0.0013163274 0.046697382 
0.15466493 0.22516762 -0.13043961 0.22171934 0.32914838 -0.19113232 -0.056881 0.17259058 -0.21191213 
0.17293751 0.16243427 -0.3822991 0.24689697 0.17256421 -0.36334166 -0.0023978192 -0.03741124 -0.46390006 
-0.027827024 -0.002404961 -0.010225947 -0.026104292 0.010989964 -0.06025842 -0.059191156 -0.066622235 -0.029021857 
-0.2581782 -0.29720572 -0.02358671 -0.015138366 -0.46717232 0.08814626 -0.1579923 -0.48830736 -0.06363693 
0.25892124 -0.6265158 0.45612854 0.14019646 -0.57491064 0.36404103 0.29877836 -0.3041219 0.5003109 
-0.15735394 -0.0007120861 0.07804248 0.08403102 0.04354508 0.06377247 0.05169352 -0.035726283 -0.16669796 
-0.04452303 -0.12505822 0.032535862 -0.066508226 -0.10595093 0.053571578 -0.16787429 -0.08194832 -0.05632726 
0.39242744 0.32971072 0.13214062 0.014051101 0.046387337 0.10237146 -0.5723255 -0.43530297 -0.24455057 
-0.03311137 0.019191967 0.01640377 -0.012775629 0.03397366 0.031236913 0.11381596 0.07064606 0.09693063 
0.19031845 0.07608417 0.1002613 0.076559745 0.009365742 -0.09267379 0.004619967 0.1303052 -0.21104515 
-0.20068435 -0.18002103 -0.13462865 -0.13719371 -0.21641426 -0.22449401 -0.0033173405 0.03832247 -0.10220815 
-0.0013166496 -0.0018433913 -0.0046867314 -0.0033674834 0.0006393476 0.0009284583 0.0029392394 -0.00081132527 0.004996215 
-0.21016659 -0.10126206 0.027134646 -0.039543316 -0.051479522 0.09574395 -0.09144325 0.13733494 0.07833819 
0.003402572 -0.0027628364 0.0020079694 0.0003681626 0.0035696467 -0.0044740927 0.0051261922 -0.001399467 0.005171035 
-0.00066845113 -0.004647357 -0.002359943 0.00017996323 -0.004086691 -0.0034732784 -0.005584849 -0.005612018 0.0006285363 
0.07771481 0.093808174 0.06823126 -0.0027610227 -0.021894138 0.0063343374 -0.083123006 -0.11142187 -0.07196493 
-0.17296377 -0.0560885 -0.17975847 0.03866556 -0.06810539 -0.07058075 -0.030516408 -0.02808309 -0.21857351 
-0.11202621 -0.21639872 -0.2023006 0.01728512 -0.050343506 -0.040749066 0.35019708 0.47558537 0.2942334 
0.037625477 0.055987034 0.07505588 -0.11192157 -0.24190196 -0.18313947 0.2460207 0.23047839 0.189663 
-0.19036959 -0.2276834 -0.088914484 -0.048737366 -0.02673739 -0.07034164 0.017787078 0.052877992 -0.117036074 
0.27025774 0.5497087 0.5470734 0.07546204 0.100831985 0.07109663 -0.39085394 -0.6339737 -0.45201495 
-0.2552946 -0.34293637 -0.28909254 -0.12194879 -0.14961924 -0.1409981 0.122131675 0.1487292 0.22553691 
0.0939628 0.14894831 0.044338614 -0.07847804 -0.066007145 -0.134288 -0.13079914 -0.13612883 -0.1435715 
0.052081257 0.0059336987 0.013850429 0.13653968 0.048876293 -0.00946078 0.24708897 0.03364842 -0.12713286 
-0.007490813 -0.055931345 -0.045704614 -0.090707615 -0.12878408 -0.0012417735 -0.10476821 -0.115844816 0.08946171 
0.14200571 0.08646789 0.026010545 0.21230151 0.09298543 0.0073983893 0.23047249 0.11968518 -0.032309927 
-0.13180767 -0.11003155 0.015004822 -0.07787706 -0.053241566 0.07712816 -0.24475725 -0.12604287 0.02135981 
0.0017771986 0.0022147612 -0.0014757982 -4.2586904e-05 0.0027444514 -0.0013612773 -0.005101034 0.0020976544 0.002249808 
-0.035290096 -0.081977434 -0.039035622 -0.011369034 0.1513262 0.240076 0.04788851 0.37124926 0.23932342 
0.0018864715 0.0006798025 -0.0007307788 -0.0054146936 0.0036262916 0.0031733678 0.0005274748 -0.0035000853 -0.0011435553 
-0.00028082493 -0.00444894 0.0018785469 0.005470474 -0.0027660285 -0.0005875533 -0.0039468417 -0.0018308243 -0.004169189 
0.025175024 0.015885694 0.009956594 0.022915293 0.019559095 0.003600216 -0.004287889 -0.0058312863 -0.02961057 
-0.5069142 -0.42757872 -0.14356853 -0.43718362 -0.45279017 -0.08546416 -0.43827188 -0.35165417 0.073736496 
-0.39956808 -0.37954155 -0.29890895 -0.23284881 -0.21003224 -0.1210348 -0.29975408 -0.3560574 -0.12005856 
0.0031014467 -0.01611227 0.032955065 0.018258851 0.0155282 0.057072572 -0.081494875 -0.114498556 -0.049134098 
-0.27815175 -0.30440858 0.050615396 -0.24626094 -0.19043064 0.23030554 -0.068208516 0.21203753 0.1501617 
0.05146878 0.10010139 0.06290073 0.055670198 0.17742458 0.16345833 -0.16320406 0.22047722 0.04565597 
-0.05015924 -0.10941618 -0.013408526 -0.017256053 -0.06905076 -0.04022086 -0.002054158 -0.036906503 -0.051636457 
0.006021924 -0.095379636 0.022756474 -0.0219455 -0.17850074 -0.0024368514 0.09424247 -0.1322674 0.10664436 
0.17847207 0.05890042 0.19941399 0.11310683 0.21257874 -0.007904519 -0.09493824 -0.030152895 0.14630817 
0.2450492 0.017689878 -0.17514428 0.27714598 -0.08816261 -0.22499716 0.17485864 -0.085999824 -0.0467258 
-0.08030326 -0.118053295 -0.02741526 -0.19550498 -0.16331977 -0.10374967 -0.38705376 -0.23559405 -0.05372855 
0.09288517 -0.2224019 -0.20387523 -0.15653127 0.019136466 0.048892803 -0.063062355 -0.01892431 0.034266647 
-0.004116432 0.0016814678 -0.0001234567 0.0050517092 0.0033424788 0.0031564827 0.003433864 0.0005256571 0.00086148205 
0.44956693 -0.16131182 -0.054807186 0.10542748 -0.20748761 0.075135976 -0.12381376 -0.26335797 0.11076593 
-0.0056425794 0.0040408135 -0.0031610653 -0.0018287742 -0.0050779474 -0.0044052657 -0.0025161142 0.0026732609 -0.0021518585 
0.00055328413 0.00042920408 0.005274334 -0.0004488927 -0.0034331642 -0.0006880537 -0.00404355 0.0032045464 -0.0007712634 
-0.0631279 -0.023972195 0.008952018 -0.0530642 -0.03380659 -0.021549761 -0.05674972 -0.049653452 -0.014113749 
0.6794535 -0.25920257 -0.44745165 0.28587487 0.12705305 -0.26795602 -0.020435207 0.085618034 0.09480929 
-0.13535178 0.16189729 0.037681196 0.07547169 0.17987663 -0.10330183 0.37776315 -0.046442214 -0.1782032 
0.17693888 0.07925713 0.059369024 -0.044336654 -0.0013822918 0.058243155 -0.011742816 0.033492215 0.03044909 
0.3796951 -0.08276844 -0.38863838 0.18657169 -0.021643829 -0.21815632 0.095826164 -0.109740086 0.08280122 
-0.10329818 -0.06417914 -0.108094685 -0.34935924 -0.3378254 -0.31151062 -0.46724445 -0.39896286 -0.22485769 
-0.018753046 -0.0023570876 -0.093388215 -0.16331494 0.04343702 0.22567059 -0.34407127 -0.03240726 0.32733247 
0.36592242 0.13828836 -0.014316696 0.19336599 -0.069307074 -0.12376598 0.0057893693 -0.012278077 0.08952124 
-0.15327209 0.18108818 0.035643455 -0.10275263 -0.018586243 -0.24989979 0.79387826 0.16494232 0.29303128 
-0.026805257 0.077871434 -0.031440783 -0.020482069 0.052986804 0.0032082947 0.03462041 0.014833816 -0.055419277 
0.082807384 0.06795668 0.049015764 0.056888863 0.10687638 0.06556752 0.3084106 0.2368487 0.349416 
0.15847977 -0.0003827354 0.10213048 0.14571103 0.11171328 0.124283135 -0.042258415 -0.06927259 0.026097914 
-0.0053738863 0.0010206426 0.0013621855 -0.0041301264 -0.0024265936 0.0019153568 0.0015913944 0.0051120776 0.004771647 
0.10849691 0.10482714 0.00026227627 -0.050231278 0.02512426 -0.056302015 0.014128226 0.10198204 0.21133709 
0.0009171437 0.0031451029 0.0036784317 0.004214294 -0.0005915624 0.0004115844 0.003700978 0.0013160625 0.0058321636 
-0.0013305121 -0.0003871939 -0.002671718 0.003058269 0.0021318381 -0.003648202 0.000944924 0.002777719 -0.002180177 
-0.039195586 -0.024781672 -0.0110197505 0.017973209 0.010373787 0.026088009 0.08638559 0.09657405 0.091112204 
0.026950946 -0.030803747 0.07927275 0.09693756 0.0431399 0.11880173 0.011601091 -0.0125781335 0.029031979 
0.047751717 0.03214614 -0.027063055 -0.03283758 0.0826206 0.0019287476 -0.30739933 -0.19756684 -0.25100073 
0.003414882 0.012293434 0.0062077176 -0.07727937 -0.060052894 -0.07413319 -0.281577 -0.24657585 -0.18247426 
-0.114231065 -0.043681398 0.01232489 -0.11783651 -0.12127627 0.11944353 0.037582245 0.059456315 0.2745072 
-0.034804873 -0.0776045 -0.11012161 0.06876907 -0.020627256 0.058100145 0.4553828 0.6316371 0.51064867 
-0.10621498 -0.01693618 -0.12948324 -0.027668102 0.07099866 -0.15755476 -0.25585505 -0.2784726 -0.32156366 
-0.15369198 0.0641069 -0.021290509 -0.06752865 0.08472938 -0.049810242 -0.053090423 -0.035940252 -0.05580761 
0.47048336 -0.19221932 0.035849575 0.2641266 -0.48895827 -0.06294646 0.10144351 -0.26619142 -0.13062568 
-0.010824156 -0.012479427 0.279105 -0.046092782 0.0065990724 0.15777989 -0.09265435 -0.031031586 0.28500804 
-0.2174346 -0.27024037 -0.02420931 -0.31454486 -0.3158869 -0.03713126 -0.36230192 -0.23363549 -0.037292685 
0.073735826 0.07089459 0.063618824 0.011433966 -0.14302173 -0.071103275 -0.14167814 -0.18542601 -0.24520056 
-0.0009689449 -0.002983511 -0.0053293253 -0.003221773 -0.0036553796 -0.0060731913 -0.00019064055 -0.0025168909 -0.002976789 
0.06090086 0.0012302346 0.037814997 -0.0859709 -0.3152226 -0.14145428 0.009492955 -0.26326695 -0.037316132 
-0.0013576502 -0.0029421768 0.0038434665 -0.0027049556 -0.0032932947 0.001289149 0.0011991415 0.0054960456 0.0013924829 
0.0031580422 0.00082619395 0.0021321517 -0.004190986 0.0030926806 -0.0043654176 -0.005525059 -0.0043956083 0.0022953837 
-0.029218026 -0.04480382 -0.05381228 -0.016697075 -0.054597113 -0.058636762 -0.00080111646 -0.030166069 -0.01576084 
0.049069185 0.01492535 0.0020528717 0.067546256 -0.17645721 -0.097232416 -0.043520954 -0.1545198 -0.20765078 
-0.0478565 -0.1742993 0.13582611 0.15078029 -0.19754475 -0.032407746 -0.044638135 -0.3101116 -0.028570892 
-0.020437201 -0.049254894 -0.07217368 -0.20300691 -0.22835317 -0.15852472 -0.14750408 -0.12789895 -0.10869013 
-0.09331111 0.13691661 0.23815915 -0.278207 0.12159992 0.30868468 -0.07668128 -0.1732227 0.100746214 
-0.40140107 0.25680017 0.3627007 -0.44030166 -0.0034935628 0.093827315 -0.1887656 -0.053815473 0.16020684 
0.48372546 -0.033500694 -0.52784044 0.4052264 -0.011415311 -0.3755127 0.24999937 0.047599033 -0.15996447 
0.017173737 -0.09277604 0.0770484 -0.056731664 -0.14273368 0.08371083 -0.10499965 -0.13494147 0.094322756 
-0.1576796 -0.14401147 -0.16387005 -0.298201 -0.41096517 -0.340702 -0.029442683 -0.43005878 -0.57072675 
-0.1822253 -0.0049072304 0.19124946 -0.20196602 0.012675209 0.34545866 -0.16661228 -0.036508277 0.17813429 
0.00563929 0.033092864 0.033033945 0.0043731066 0.015846934 -0.09226404 0.07668063 0.027239433 -0.14584437 
0.04296069 -0.048079476 0.010734267 0.24080545 -0.031694762 -0.07006583 0.2918782 -0.08328106 -0.20996578 
-0.004923863 -0.0005800359 -0.0058149747 -0.0052619814 -0.0050197523 -0.004919975 0.006540793 0.0062126215 -0.004246039 
0.30243748 -0.025451787 0.07167856 0.40830585 -0.26051652 -0.07691908 0.4421202 -0.40222546 -0.26275417 
-0.0031019517 -0.005072608 -0.00014592698 -0.0010979839 -0.0033084676 0.0023621158 -0.004736052 -0.000588838 0.004326094 
-0.0039566634 0.004817179 -0.0012964305 0.0053120055 0.0054211686 -0.003535817 0.0029304356 0.0031548562 0.0009924801 
0.004223639 -0.046874493 -0.03636642 0.012784054 -0.06480022 -0.04351426 -0.012180313 -0.059683494 -0.05686296 
-0.12724668 -0.09508065 0.19258665 -0.13522221 -0.0043867235 0.11236619 0.25811228 -0.08398076 -0.15850447 
0.10388426 -0.05836524 -0.05130606 0.22922802 -0.019369328 -0.15351722 0.016891407 -0.06672589 0.038084157 
-0.0004117763 0.008159253 0.16261816 -0.024046859 -0.16905768 0.01338488 0.05140141 -0.0666201 -0.041440055 
0.017822089 0.02789737 -0.031203508 0.15992503 0.039372798 -0.023086267 0.30751306 0.0012878425 -0.0972703 
0.13231482 0.15026107 0.10706333 0.16319312 0.090412244 0.07000532 0.15332745 0.026887855 -0.15390249 
0.588462 -0.120109916 -0.40759644 0.66001827 -0.24767523 -0.47655058 0.6321597 -0.15105884 -0.49102783 
-0.12560958 -0.12848073 0.28961998 -0.13704404 -0.17622578 0.21185525 0.051558215 -0.06996681 0.07635148 
-0.7502026 -0.64885414 -0.48088032 -0.057256125 -0.11831935 -0.12183079 0.34841892 0.2920927 -0.023088811 
0.008292385 0.06656521 -0.07651177 0.04124154 0.15514345 0.032630213 0.032406148 0.12562242 0.11523967 
0.029772002 -0.028565478 -0.0473027 0.076398626 0.10734566 0.05149081 0.28082004 0.27959818 0.13583335 
0.11950757 0.25994095 0.04826254 0.13953692 0.1351396 0.004547144 0.17805107 0.12122906 0.09877769 
0.0029404925 -0.006139768 -0.006105792 0.003940632 0.0013223112 -4.8913307e-06 -0.0020454363 0.004153332 0.0013538903 
-0.066064455 0.068496466 0.06735041 0.072568424 -0.056193266 -0.09237726 0.090327315 0.02995099 0.036020994 
-0.00051909557 -0.0038357843 -0.0002281661 -0.0030075004 0.0058220634 0.003155556 -0.0039174766 0.005460298 0.0025886572 
0.0018444131 -0.005360031 0.0032935285 -0.0035054 0.001992986 -0.0038528102 -0.005197741 0.0019039892 -0.00096208224 
-0.034834825 -0.049424827 -0.031980082 0.024444334 0.027765088 0.025221089 0.03873963 0.074703075 0.038135484 
-0.046886228 0.13517585 -0.12735856 0.16834338 0.23297608 0.102136195 0.09576843 0.039747965 0.13067472 
0.28843385 0.24582815 0.1275576 0.060115572 0.16244401 0.004168948 -0.35445854 -0.19203208 -0.24625015 
0.029655784 0.12102633 0.04271784 0.13676627 0.20151421 0.16972196 -0.20183632 -0.17083453 -0.20744526 
-0.26041773 -0.36359617 -0.58152014 -0.011181989 0.21320349 0.07772959 -0.101490945 0.18925802 0.25878555 
-0.37963575 -0.5694437 -0.60411197 -0.0032794503 -0.044758793 -0.15561303 0.24836864 0.4688815 0.17984594 
-0.18857133 -0.1154484 -0.18169951 0.17603612 0.24596153 0.20976107 -0.13273746 0.036973365 0.032724194 
-0.0015962255 -0.00073882495 -0.1558692 0.15300186 0.21818581 0.11504748 0.07179842 0.11565113 0.059206538 
0.4908501 -0.20823725 -0.4661455 0.251175 -0.0085939355 -0.6337028 0.3825582 0.058454406 -0.42868686 
-0.09775411 -0.13796571 0.067335315 0.08315219 0.0075201667 0.13545251 0.12558883 -0.06893942 0.12680867 
0.038644843 -0.28562582 -0.019918548 -0.06780229 -0.24544404 -0.018422095 -0.009984696 -0.16133867 -0.005903382 
-0.035043344 -0.059058543 0.10816617 -0.039979853 -0.07453424 0.12875612 -0.121970184 -0.1423105 -0.06494522 
-0.0045384653 0.0002602877 -0.004397321 0.0033394324 -0.006116897 0.0039711045 -0.0016251665 0.0041057696 0.004450662 
0.038477663 -0.036079265 0.09259304 0.030950839 -0.2104708 -0.08395672 0.012117451 -0.1175986 -0.077126265 
0.003902924 0.0002858683 0.005404241 0.007937754 0.00083927275 0.003582957 0.002031184 -0.00093064073 -0.0015352642 
0.0016550104 0.0044281124 0.0021534155 -0.00039534265 -0.0031550534 0.0032347168 0.00047419977 -0.0035063298 0.004144568 
-0.0280148 -0.002121394 -0.019807259 -0.05953411 -0.016909217 -0.039467342 -0.036989648 -0.037757725 -0.0413805 
0.064221635 -0.1994311 -0.03145966 0.05821478 -0.23167266 -0.01103684 -0.0773103 -0.15041316 -0.07185691 
0.038809273 -0.2979835 0.07220342 -0.05045984 -0.022961099 0.1993622 0.15528738 -0.16609028 0.03552066 
-0.011217791 -0.018656107 -0.0041884845 -0.06251158 -0.06855477 -0.05073274 -0.15440398 -0.10423366 -0.08455198 
-0.06203033 -0.1848977 0.12834448 -0.16542886 -0.18028235 0.29649153 -0.13158405 -0.13136408 0.0630722 
-0.13951929 0.006067 0.31972608 -0.18384306 -0.34703216 0.18295011 -0.14781325 -0.27374446 0.13947263 
-0.34613502 0.23571542 0.27129808 -0.4734102 0.1010308 0.2143992 -0.45729175 0.06082394 0.21611418 
0.12796432 -0.088888384 -0.06385784 0.12895428 -0.060329985 -0.08448747 0.09662317 -0.070321195 -0.08696257 
-0.4523995 -0.4207217 -0.12871249 -0.29230186 -0.21935937 -0.0870514 0.15694398 0.20994817 0.22294791 
-0.041779645 -0.06358392 -0.1022076 -0.06018374 -0.09299703 -0.03724661 0.045087077 0.034625925 0.18593429 
0.07336612 0.028626878 -0.1160025 -0.00084079674 -0.038111556 -0.17547211 0.011364286 0.011457354 -0.04327486 
0.08196162 0.021210464 0.07490523 -0.09252773 -0.020890312 -0.013226456 0.066875175 -0.079677306 -0.017922299 
-0.0021021082 -0.0005275558 -0.0042922175 0.005788835 0.0012931705 0.002545718 -0.0047735353 0.003986113 -0.0016025822 
0.09624615 0.093619816 0.08795328 -0.062280018 0.008856167 0.055898726 0.041956212 -0.029619202 -0.09651267 
-0.00097454444 -0.00064813584 0.004307464 -0.0024203958 -0.0059261927 5.6252517e-05 -0.0003408295 0.00020049707 0.0008419888 
-0.0053540235 -0.0032911478 0.0021278365 -0.0004951843 -0.00033277035 -0.0018401348 -0.0016173852 0.0033283506 -0.0024042858 
-0.056010164 -0.061258957 -0.04816746 -0.074108236 -0.06954203 -0.067966245 0.0037814109 -0.0010206361 -0.01827718 
-0.04232122 -0.12112063 0.08731861 -0.028386489 -0.013018001 0.15584318 0.13499874 -0.094254166 0.1053982 
-0.45811364 -0.49265695 -0.44196102 -0.034249138 -0.07617797 0.059589066 0.32912812 0.2274343 0.53089696 
-0.1403606 -0.1440589 -0.08363078 -0.16842869 -0.18488583 -0.15003829 -0.09128888 -0.15179907 -0.1958188 
-0.21056633 -0.35854414 -0.21470764 0.078601494 -0.034971535 0.08420155 0.51046973 0.4316942 0.27015537 
-0.37604368 -0.46610823 -0.42824364 -0.2967766 -0.32317188 -0.2843063 0.13890456 0.101952836 -0.0008945692 
-0.04843115 -0.07496381 -0.00093013654 -0.24904779 -0.28247562 -0.20980352 0.19946605 0.24455619 0.28743178 
0.06150513 0.024173975 0.07512049 -0.11625802 -0.1536081 -0.110648684 0.028700039 -0.067014955 -0.094603054 
