000110011100101100010100111111001011100001010000111000111100110001010011
111111011110101011110011111101011110101111101101000011110000011100000101
110111110001001111111000111001100010010011111100111000110001100011111111
000111000010010100100000111111111111011011110110111011101110111011101101
000000000000000000000000000000000000000000000000000000001111111111111111
001000000000111111011100000101110000010111010101000110011111101011011101
111111110000000000000000111111111111111100000000000000001111111100000000
000000001111111100000000111111110000000000000000000000000000000000000000
000000011111010100000100000010011111011100001010000001011111010000000110
001101000011101100110100110011101011101111001101111111110000010000000010
110111101100100111011011000011000000110000010010000110010001110000011101
000010100000010000001011000010010000010000001110110111001101100111011111
110000001110110001010000000101111110111111110101010101110000100110101100
001010001011001100001110010001011010101000100101001110101011101000001011
000001110001001100000011000010000001011100001001111111110000111000001011
000000011111110000001110111010101110011011111101111011101111000011111010
