01111011100011001001111010101100
10100011100110001000101101111111
10110010101001011010001010100110
11100000110110101100110110111101
11100000110111111101111011011110
11011010110110111101110011011101
01111110100011011001111110101011
10100010100110011000101101111110
10110001101001101010000110100100
11011110110110001100110010111100
11011110110111101101111011011101
11011000110110101101101111011101
10000001100100001010000010101011
10100011100110111000110101111110
10110001101001101010001010100100
11011100110101101100101010111011
11011100110111011101110111011101
11010111110110011101101111011100
10000010100100101010001010101011
10100101100111011000111101111111
10110000101001101010010010100110
11011001110100101100011110111001
11011010110110111101110011011100
11010110110110001101101011011011
10000000100100111010001110101100
10100110100111111001000001111110
10101000101000101010000110100101
11010001110010001011111010110010
11011001110110101101101111011001
11011000110110001101100011011001
01111110100100001010000110101010
10101000101000101001001110000001
10011100100110101001111010100110
11000000101100111010101110100101
11011000110110011101011111010000
11011000110110001101100011011001
01111110100011011001110010100101
10101001101000101001010010000010
10010010100101001001101010100101
10101111101000101001101110010111
11011001110110001101010011001000
11011001110110011101100111011001
01111111100010101001011010011111
10101001101000011001001010000010
10001101100100011001100010100011
10100011100101111000111110001100
11011010110110011101001111000100
11011010110110101101101011011010
01111110100010011001010010011100
10101000101000001001000001111111
10001110100101001001101110100011
10100110100101001000110010001101
11011011110110011101010011000111
11011001110110101101101011011011
01111100100000101000100110001110
10011110100110111000111101111111
10000111100011011001001010011000
10011010100010101000010010000101
11010010110010011011111110110011
11011010110110101101101011011010
01111011011111000111111110000010
10010000100101001000110101111111
01111110100000011000010110001000
10001001011111110111101101111011
11000100101100111010011010011011
11011010110110101101101011010111
01111100011110100111101001111001
10000011100011001000101001111111
01110101011101100111011001111001
01111011011101110111010001110010
10110011100111011000111110000111
11011001110110011101100111010010
01111111011111010111100001110100
10000010100010101000100110000000
01110100011100110111001001110110
01111110011110100111011101110011
10101101100101111000101010000100
11011001110110001101011011001110
01111000011101100111001101101111
10000001100010011000011101111100
01110111011101010111010001110110
10000100100000110111111101111001
10100101100100101000011110000101
11011000110101111101010011001010
01110011011100000110111001101100
01111111100001111000011001111100
01111001011101110111010101110111
10000111100001101000001001111101
10011101100011011000011010000110
11010111110101101101000111000011
01110010011011100110101101101010
01111010100000101000010001111110
01111011011110000111011001110111
10000110100001001000000101111110
10010100100010011000011010000111
11010110110101011100110010111000
01111001011100100110110101101010
01110111011110010111101101111010
01111001011101010111001101110100
10000100100001011000001101111110
10001011100001101000011010000111
11010110110100101100010010101011
01111011011110000111001101110000
01110101011101100111011101110111
01111001011101100111001101110010
10000010100000101000000101111101
10001001100000111000010010000101
11010100110011101011110110100010
01111100100000001000000001111100
01110101011101010111010101110101
01111001011101110111010001110010
10000001011111110111110101111010
10001000100000011000000010000001
11010010110010011011010110011010
01111100100010001000111010001100
01110110011101100111010101110101
01111000011101100111010001110011
10000000011111010111100101110111
10000100100000000111110101111101
11001111110000111010110010010001
01111001100001101001000110010100
01111001011110000111011101110101
01110101011101100111011001110110
01111111011111010111101001110110
10000001011111010111110101111110
11001100110000001010100010001010
01110111100001011001000110010111
01111001011110000111011001110100
01110110011101100111011101111000
01111110011111100111101101110111
01111111011110110111101101111101
11001011101111101010011010001010
01110111100000111000110110010010
01111001011101110111010101110100
01110110011101010111011001111000
01111110011111110111110101111010
01111110011110100111101001111100
11001000101110101010001110001010
01111000100000011000011110001000
01111000011101010111001001110010
01110111011100110111001101110101
01111110011111100111111001111110
01111111011110100111100101111011
11000011101100111001111010001010
01111011100001001000010110000010
01110010011100000110111001101111
01111010011101000111000001101111
01111101011111010111110101111101
10000001011111000111101001111011
11000001101100001001101110001001
01111010100001101000101110001010
01110101011110000111011101110100
01111010011101110111001101110010
01111011011110110111101001111001
10000111100001001000000001111100
11000100101110011010011110010010
01111011100001101000111110010001
01111011100000011000000001111001
01111001011101110111011001110101
01111010011110010111100001110111
10010011100100011000101001111111
11000110110000011011001110011111
01111100100001011000111010010010
01111110100001101000010001111011
01110110011101000111010001110110
01111100011110100111100101110110
10100101101000011001010110000100
11000100110000101011101010101101
01111110100001101000110010001111
01111010011111010111101101111000
01110011011100010111000101110011
01111110011110110111101001111000
10101110101010101001111010001010
10111110101111011011100010110001
01111000011111111000010110000111
01111001011111010111110101111000
01110110011101100111010001110011
10000010011111000111100001110111
10101011101001011001110110001111
10110010101100101011000110101110
01110110011110100111111010000000
01111001011111100111111101111001
01110110011110000111011101110100
10000100011111000111011101110101
10101000101000011001101010010001
10101011101011001010110010101100
01111000011110010111101001111010
01111010011111111000000001111011
01110011011101100111011001110100
10000100011111000111011101110100
10101000101000001001100110010001
10101101101011011010110110101110
01111011011111000111110001111100
01111001011111000111110101111110
01110100011100110111001101110111
10000100011110110111010101110001
10100011100111111001110110011000
10110000101100011011000010101011
01111100011111010111111101111111
01111110100000001000000001111111
01110100011100110111010001111000
10000101011111000111100001110101
10100001101000011001111110010111
10110010101100011010110110100111
01111001011110010111101001111011
10000001100000010111111001111100
01110100011101000111011001111010
10000100011111010111100101110111
10100010101001001010000110010110
10110110101101001010110110100101
01110010011100010111000101110000
10000001011111100111100001110100
01110101011101100111101001111111
10000011011111100111101001110110
10100110101010001010010110011001
10111100101110101011001110101001
01110000011011110110111001101101
10000100011111100111011001110001
01110101011110000111110110000011
10000010011110110111100001110111
10110011101100011010101110011101
10111110101111011011110010111000
01110001011100000110111101101110
10000011011111000111011101110011
01110010011110001000000110000111
10000101011110100111010001110011
10111000101101011010111010011111
10111101101111011011110110111011
01110110011101000111001001110010
10001001100000010111101101110111
01110000011110101000011010001110
10001000011110100111001101110001
10111011101110011011000110100010
10111101101111101011110110111100
01111100011110100111100001111000
10010100100010101000000101111100
01101111011111001000110010010111
10001011011110110111010001110001
10111101101110111011010010100110
10111110101111111011111010111101
01111001011110000111100001111000
10010011100010101000001001111011
01110001011111111000111110011001
10001110011111100111010001110001
10111100101110111011011110101110
10111100101111011011110110111100
01111000011101110111011101111001
10010110100011011000001101111011
01111010100000111001000010011010
10010001100000010111101001111100
10111100101110101011011110101110
10111110101111101011110010111011
01111010011101110111011001110111
10010110100011111000011001111101
10000001100001101000111110011000
10010000100000111000000010000100
10111000101101101011001010101001
10111110101111011011101110111000
01111100011110000111010101110100
10010010100011101000100010000000
10000101100010001000110110010010
10001100100001011000010010000111
10101111101011101010101110100001
10111011101110101011100010110100
01111110011110110111100001110110
10001111100010111000010110000000
10001000100010011000101110001110
10001111100010011000011110000110
10101001101001011010001010011101
10110110101100111010111110101100
01111101011110110111100101110110
10001111100010111000010001111111
10001010100010111000110010001101
10010101100100011000110110001010
10101001101001101010001010011110
10111000101101011011000010101100
01111010011110010111011101110101
10001111100010111000010001111101
10001110100011101000111010001111
10011011100110001001010010010001
10101011101010001010010110100001
10111011101110001011001110101110
01110110011101010111010001110010
10001110100010111000010001111010
10010100100100101001001010010001
10100001100111001001100110010111
10101100101010101010100110100101
10111101101110111011011110110000
