00110100001011100010101000100111
00111001001100010011001000111010
00110110001101110011110001000001
00100001001001010010110000110011
00100100001001000010010100100100
01001011010010100100000100110001
00110010001011010010100100100110
00110011001100100011010100111000
00111100001111010011111100111101
00100001001010000011001000111011
00101010001001000010001000100010
01001100010010110100010000110111
00110011001011100010100100100101
00110100001110000011100100110110
00111100001111100011111000111010
00100011001010110011010000111011
00101011001001100010001000100000
01001001010001100011111100110101
00110101001011110010100100100100
00111101010000000011111000110110
00111000001110110011101100111000
00100111001011100011001100110110
00100111001010000010011100100011
01000101001111100011001100101010
00110000001010000010001100100001
01001000010001110100000100111001
01000011001111100011101000111001
00110101001101000011101001000101
00100010001001010010110000110010
01001100010000010011000100100100
00101110001001100010001000100001
01000001010000010011110000110100
00111100001101110011011000111010
00110101001100010011010000111011
00100100001001100010110000110011
01001011001111000010110100100010
00101011001001100010001000100010
01000011010000000011100100101111
00110001001100110011100101000001
00110010001100010010111100101111
00100110001001100010100100101111
00111111001100110010011100100010
00101000001001010010001000100001
01010001010010000011101000101100
00101001001101110100010001001100
00110001001101010011000100100111
00100110001001010010011000101011
00110000001010000010000100100001
00101000001001000010001000100010
01011101010100010011110100101011
00110000010000000100110101010101
00111001001111010011010100101000
00100001001010000010111100110101
00110100001001100001111000011110
00100110001001010010010100100100
01011110010100000011110100101101
00101111010000010101000001011010
00111101010000000011011100100110
00110111001110110011110100111111
00111001001010110010010100101100
00100111001010000010100000100101
01011010010010100011101000101100
00101101010001000101011001011111
01001000001111100011000000100010
01010010010101010101010101010001
00110010001010110010111101000000
00101111001011110010101100100101
01001110010000000011010000101100
00101110010011000110000001100001
01010111001110100010010100100000
01100100011011000110110001100110
00100000001001010011011001010000
00111110001100110010100000100010
00110011001011010011001000111111
00111000010101000101101101001100
01010010001110000010011000100011
01001011010100110101011101010111
00011101001000100010111001000001
00111000001011100010011100100010
00101000001100000011101101000010
00101101001111010011110100110001
01000101001100010010010000100011
01000110010010110100110001001011
00100010001000100010100100110110
00110100001011000010011000100011
00101000001100110011110000111110
00100101001010000010100000100101
00111101001010110010001000100011
00111110010001000100011101000111
00101111001010000010011000101101
00110100001011100010011100100100
00110000001100110011010100110111
00100100000111110010000000101000
00111101001010100010000100100100
00110010001111000100010101001010
00111111001100000010011000100101
00101100001010110010100000100010
00101110001101100011100100110100
00011011000111010010001100101011
01000010001010110001110100011100
00101010001110010100011101001110
01000010001100110010100100101000
00101100001010110010100000100011
00101110001100000010111100101110
00011101000111100010001000100111
00111000001001010001101000011011
00101001001011110011100101000011
01000001001101110010110100100111
00110001001100100010111000100110
00101001001001110010011100101011
00100110001000110010000100100011
00101001000111100001110000100001
00101001001001110010101000110010
00111011001110010011001000101000
00111001001111100011100000101010
00100000001000110010100000101111
00110011001010000010000100011111
00011011000110110010001000101101
00101001001000110010000000100010
00110010001110000011010100101100
01000110010001110011110100101100
00100010001011100011011100111110
00110000001001000001111000011110
00011000001000000010101100110011
00100101001000000001110000011001
00101011001011110011000000101101
01000001010000000011011100101010
00101111001110100100000001000000
00100100000111100001110000100001
00011011001000100010100000101000
00100000000111010001100100011000
00111001001100010010101100101001
00111001001101010010111000100111
00111010010000010100001000111101
00011111000111010010000000101000
00011110001000010010000100011111
00011101000110110001100100011010
01010011010000000010111100100101
00110100001011000010011100100011
01000001010000110011111100111000
00100011001000100010011000110000
00011111000111010001110000011110
00011110000111000001101100011100
01110011010110100011111000101001
00111100001100110010101000100011
01000000010000000011110100111010
00101100001001110010100000110001
00011001000111110010011100110000
00101011001000000001101100011001
10000100011110100110010101001000
00111010001100110010101000100100
00111010001110100011100100110111
00101000001000100010010000101110
00100000001001010010101000101101
00100111000111110001101100011011
01011000010101010100110000111101
00111100001101010010110000100100
00111100001111000011100100111001
00100100000111110010010000110001
00101011001011110010111100101100
00100011000111010001110000100000
00111011001110100011100000110010
01000010001110010010111000100101
01000110010000110011111100111111
00100011000111110010100000111010
00110110001110010011011000101111
00100001000111000001111000101000
00111011001110010011010100101111
00111111001101110010110100100100
01001001010001010011111100111100
00100000000111100010100100111100
00110101001110010011010100101100
00100001000111010010000100101011
00111110001111000011011000101100
00111011001101010010110000100101
01001010010001110100000000111010
00011111000111100010100000111011
00110110001110010011010000101001
00100000000111100010010000101111
01000000001111010011011100101100
00111110001101100010110100100101
01001101010010100100001100111101
00011111000111100010011100111010
00111000001110100011010000100111
00100000000111110010011100110011
01000000001111010011011000101011
01000100001110100010111100100101
01001110010011000100011001000001
00011110000111010010011000111010
00111010001110110011010100100111
00100001001000000010100100111000
00111101001110100011001100101010
00111111001101110010110100100110
01001010010010000100001000111101
00011110000111100010011000110111
00111000001110100011010000100110
00011111001000010010101100111011
00111001001101110011000000100111
00111100001101010010110100100110
01000101010000110011111000111010
00011110000111100010011000110101
00110111001110100011010100100111
00011111001000100010110100111100
00110111001101010010111100100110
00111110001110000010111100100110
00111101001110100011100000111001
00011111000111100010010100110001
00111001001110100011010100101000
00011111001000100010111100111110
00110010001100010010110000100100
01000010001110110011000100100110
00110110001100110011001100111010
00100000000111100010010000101110
00111010001110110011011000101001
00011110001000110011000101000001
00101101001011000010100100100011
00111011001101010010111000101000
00111111001111000011100000110111
00011110000111100010011100110110
00110111001111010011100000100111
00011111001001000011000000111110
00111010001110000010111100100010
00111001001100110010110100101000
01000100010000000011101000110111
00011111001000010010110100111110
00110101001110010011010000101000
00011110001001010011000100111011
00111101001110010010111100100001
00111101001101110010111100101000
01000010001110100011011000110111
00011111001000110011000001000010
00110101001101010011000000100110
00011111001001110011000100111010
00111000001101000010101100100001
01000100001111010011001000101001
00111011001100000010111000111000
00011111001001010011001001000001
00110110001101000010111000100011
00100000001010000011001000111010
00110000001011000010011000100000
01000011001110110011000000100111
01000011001110010011010100111011
00100000001010000011010101000100
00111001001110010011001000100101
00100001001010100011010100111111
00101101001010100010010100011111
01000010001101110010101100100100
01010010010011000100010001000001
00100001001010110011110001001111
01001010010010010011110000101000
00101001001101010100001101001111
00111110001100110010011100100000
00111110001100000010010100100001
01011101010110000100111101000100
00100010001011110100001001010111
01010010010011110100000000101000
00101111001111010100101101010110
01001011001110000010011100100010
00110111001010000010000100100000
01011011010101100100111001000001
00100011001100010100010001010101
01001100010010000011101100100110
00110001001111010100011101001111
01001100001101100010011000100011
00110000001001010001111100100001
00111100001110100011100100111000
00100001001011010011011000111100
00111011001110000010111100100011
00101001001100010011011100111011
00110110001010110010001100100011
00110010001010000010001000100011
00110101001101000011010000110101
00100010001010110011001000110101
00110101001100110010110000100011
00101001001100000011001100110100
00101101001001110010001000100010
01001011010000110011100000101111
01001010010010100100101101001110
00100110001101010100000101001000
00111001001101010010110100100100
00101110001101110011101000111010
00101111001001110010001000100011
01110011011011010101101001000000
01110001011100010111010001111001
00101011010001110101111001101010
01000011001111000011000000100110
00110111010000100100011001000110
00110110001010110010010000100111
