000100010001011011110110010010000011001000100111101101011100010011010110
000011100000110100000111010001010010111100101011111101101111110111111111
000000000000000100000000111111101111111100000000000000000000000111111111
000110010001110100111010110100111100110011111100110000111100100110111010
111100101110011000011101111011001110011100011010111100001110101000011010
000000110000101100001000111110001111110011111011111100111111010111110110
111111111111111111111110000000101111111100000000111111100000000100000001
110010000000011100011100110011110001000100101101110101110000110100100010
111000001101010111010111000000000000011100001110000011011111101011111100
000000000000000000000000000000011111111100000001000000100000100100000110
111111111111111011111111000000000000000000000000000000010000001000000001
000111010000011111111011111101001111110111111101000110010001110100010111
001101111111010011111011000011000000001011111110001011011101110111011110
000010110000101000000000000010100000111000000110000010000000101000000100
111111111111111100000001111111100000001000000001111111111111111111111111
000100001111001000001111111100000001000100010100111000001101011111011011
110010011110100100010110110110110000010100101000111001010001010000100001
000000010000001000000100000001110000011100000111111110001111011111111000
000000010000000100000001000000011111111000000000111111110000000000000001
110001000000010000000111111010100001110000100011111011010000110100000101
111010101110110100000101110110001101011111101100111010101111000011111001
111111100000010000000011000000101111111111111100111110011111110111111011
000000000000000111111111000000000000001011111111000000000000000000000010
000001101111101011101000001011010001101100001101110010001101000111001110
000100100001101111011101000010010000101111010110000100110001011111010111
000010010000100000001011111110101111100011111000111110001111100111110110
000000100000000100000001000000011111111000000000111111110000000100000000
000101000000000011100100001001000000001011011101000101100000000011100001
001101001111011111011100001011001111001111001101001010111111011111011011
111111110000001000000101111101011111011011110110111101001111001011110110
111111100000000100000001000000011111111100000000000000010000000111111111
111101111101101000011001000000111101100100100101000000001101110000100000
