0.2592196 0.34821922 -0.14887221 1.1288064 0.7761948 0.6097447 -1.1757704 -0.9429713 -0.65953606 
0.21504 0.19620177 0.11647521 1.073828 0.74110353 0.671913 -0.15352632 -0.04361287 -0.008999415 
0.007651778 0.018059483 -0.005350204 -0.026764374 -0.010217041 0.0055588903 0.004187867 0.010594401 -0.018094385 
0.38544562 0.4487682 0.91324013 -0.70058775 -0.8055611 -0.06983802 -0.953185 -0.8629834 -1.0903376 
-0.2248847 -0.39920536 0.45568475 -0.3089694 -0.39202568 0.40057474 -0.24247746 -0.33705285 0.41364262 
0.041016497 0.167905 0.1240316 -0.1320949 -0.06862537 -0.08010677 -0.21042992 -0.17852457 -0.15609422 
-0.02134231 -0.018876903 -0.026420359 0.02723917 -0.011083949 0.00075434876 -0.024455935 0.013847035 0.014977344 
-0.87753844 0.10885866 0.44006953 -0.76846373 0.26607925 0.7040816 -0.6411965 0.20677818 0.5302529 
-0.49623373 -0.6796829 -0.6483482 0.0040855366 0.11358271 0.2192406 0.19946659 -0.087875485 -0.06203399 
0.0036475097 0.0007336238 0.0019226483 0.016265042 -0.013944567 0.01233593 0.03108931 0.13912587 0.096748464 
-0.017410355 -0.027916007 -0.021229263 -0.0016761671 -0.005617995 0.005761068 0.016214555 0.02654317 0.009114665 
0.4488317 0.10455209 -0.08268444 -0.18425928 -0.0520065 -0.050031498 0.3883408 0.45227933 0.35470527 
0.85517615 -0.19141263 -0.084180996 0.18563087 0.03249276 -0.030746644 0.7071879 -0.5404549 -0.53784364 
0.17293754 0.16191907 0.004912035 0.15258695 0.21945912 0.09080397 0.11900204 0.15078399 0.06097071 
-0.011045705 -0.014139398 0.015320052 -0.027674401 0.025232438 0.012371107 -0.023352347 -0.018070087 -0.009573285 
0.24777849 -0.21973938 0.2323229 -0.24823453 0.26314676 0.31757745 -0.5074059 -0.6329341 -0.5757223 
-0.85669583 -0.36594853 0.34690487 -0.57248974 0.08425626 0.6233582 -0.4177243 0.31334484 0.5163497 
0.020378478 0.03204621 0.055759463 0.105823144 0.11189665 0.10722073 -0.13043906 -0.1358991 -0.12223977 
0.016954964 0.023225464 0.016737089 0.008035631 -0.026783722 -0.004990438 -0.021122545 -7.0921305e-05 0.014174529 
-0.9298242 0.0695512 0.1127808 -0.3495964 0.44299716 0.5470979 -0.29302263 0.20010369 0.073410824 
-0.35085535 -0.30112335 0.08020616 -0.6326205 -0.6401513 -0.31326827 -0.33799815 -0.25670046 -0.11229481 
-0.026141906 0.06166851 0.04394806 0.034703657 -0.01719647 -0.06680485 -0.10974606 -0.042881895 -0.07767707 
-0.0013593308 0.02091754 -0.0211324 -0.0028483362 0.026458899 -0.009045288 0.00079117116 -0.006399145 0.025934452 
0.08979077 -0.09700123 -0.3820983 0.6972717 0.41613322 0.20128885 -0.8724766 -0.736909 -0.7819354 
0.28815424 0.42295644 -0.542648 0.13944855 0.17698489 -0.6597868 0.30434346 0.35975274 -0.64175814 
0.14589006 0.1245416 0.17023286 -0.099926144 -0.11879902 -0.118418336 -0.12639157 -0.10311359 -0.16060819 
0.026652543 0.022955468 0.009050034 0.022834312 -0.024424048 0.007372153 -0.015095034 0.014179598 -0.00036536364 
0.31799358 0.00039679813 -0.4384266 0.55950654 0.03892316 -0.5449174 0.3463907 0.001737195 -0.48161587 
0.80516034 -0.14336997 -0.56508327 0.68481064 -0.2102143 -0.7919186 0.67464936 -0.14822105 -0.58113146 
-0.012004975 0.030024312 0.07793485 -0.17207974 -0.16196881 -0.15032566 -0.18702054 -0.21604912 -0.15991002 
-0.02663795 0.010603103 0.02125492 0.021652685 -0.015813163 -0.002395389 0.00856313 0.011179361 -0.009966993 
-0.14577949 -0.5920149 0.3979579 0.04212627 -0.61014044 0.5738445 0.002936785 -0.56632453 0.5068155 
