11111100
11111100
11111111
11110001
11111101
00000110
00000011
00000110
01000001
11110111
00001000
00001110
11110100
11110100
11110101
11110111
00000001
11111101
11111111
00010000
00000011
00000000
11111111
00000011
11110110
11111100
11110110
11100111
11111010
00100010
00000011
00001010
11111001
00000111
00000000
11111011
11111110
11111111
11110100
00001000
11111000
00000010
00000000
00000001
00000011
11111110
00000010
00000010
00111110
11110111
00001000
00001110
11110101
11110101
11110101
11110111
00000111
11100111
00001110
11110101
11100110
11101111
11101011
11101010
11111001
00000110
00000000
11111010
00000001
11111111
00000001
00000101
00101000
11101110
00001011
11111110
11101101
11110000
11110010
11110000
11111000
11111111
00000000
11111100
00000111
00000111
00000000
00000000
11111011
11111000
11111110
11110010
11111111
00010100
00000101
00000011
11110100
00000101
11111000
11100111
11111010
00011110
00000000
00001100
11111011
00000101
11111111
11101011
11111100
11111110
11111110
00001100
11111011
11111010
11111111
11110001
11111010
00000110
00000101
00000101
11110110
11111101
11110111
11101011
11111000
00100001
00000011
00001001
