-0.12240298 
-0.121080555 
-0.037573587 
-0.4545327 
-0.085972235 
0.19612667 
0.099531956 
0.1750443 
2.0195296 
-0.27720672 
0.24798846 
0.45301262 
-0.36360347 
-0.36737978 
-0.34770432 
-0.29570726 
0.037015945 
-0.089907795 
-0.031909637 
0.4903404 
0.08855758 
0.012471621 
-0.04097538 
0.10060892 
-0.32062253 
-0.12292371 
-0.3075178 
-0.781672 
-0.19416943 
1.0718082 
0.09539731 
0.3050523 
-0.22321543 
0.21531819 
-0.00029652845 
-0.17060547 
-0.057909105 
-0.040492974 
-0.36881694 
0.2564686 
-0.23789853 
0.060276806 
-0.0032838793 
0.03896831 
0.10859405 
-0.07105603 
0.063596666 
0.07754041 
1.9462516 
-0.26866564 
0.25948188 
0.44060287 
-0.35587442 
-0.3429764 
-0.33848563 
-0.27997234 
0.21081123 
-0.7708294 
0.44428244 
-0.35770297 
-0.80133843 
-0.54089093 
-0.6531971 
-0.6983707 
-0.21418883 
0.18162264 
-0.0008636025 
-0.17712805 
0.019802328 
-0.0445176 
0.017913688 
0.15440972 
1.2580107 
-0.550981 
0.33534685 
-0.073057845 
-0.5886236 
-0.48952776 
-0.44143936 
-0.49184564 
-0.23965506 
-0.021461088 
-0.0020217907 
-0.11597545 
0.21863276 
0.22638546 
0.012094416 
-0.014354474 
-0.16892548 
-0.24160159 
-0.06663113 
-0.4497735 
-0.028385183 
0.6213016 
0.14896964 
0.10360862 
-0.37434173 
0.15482204 
-0.24635188 
-0.7834029 
-0.20192462 
0.94980305 
-0.010797333 
0.37989634 
-0.1493904 
0.1424429 
-0.0164571 
-0.66382724 
-0.13879856 
-0.053652674 
-0.0778992 
0.38468564 
-0.14348984 
-0.18183258 
-0.03828524 
-0.46539956 
-0.17913741 
0.18963288 
0.14497162 
0.14859755 
-0.30615574 
-0.09264128 
-0.29341987 
-0.6567234 
-0.23473111 
1.0450994 
0.08518495 
0.27492905 
