0.21433441
-0.13315898
0.0002382109
-0.005969253
0.023804564
-0.023751698
0.08161288
0.259872
0.046330757
0.090246156
0.3364126
-0.00096191966
-0.02583356
0.00022380924
-0.0456545
0.008596905
0.24327019
0.013950482
-0.12512606
-0.01096534
-0.12118529
-0.0053521655
-0.026467137
-0.022018017
0.32901996
-0.11815111
0.24089827
-0.009030599
0.08349384
0.23896158
-0.16019246
0.120000504
-0.056344356
0.2602931
-0.021276584
-0.0011041777
0.27955762
-0.00019304059
-0.034473464
0.32443964
-0.048501052
-0.007989047
0.2058162
0.00053429924
0.008393384
-0.0024218534
0.27608243
0.23893774
-0.0032584728
0.055576064
0.06160562
0.18673313
-0.015873406
-0.123912446
0.0631583
0.0557022
0.037916888
0.1590152
0.1328099
0.258371
0.032484677
0.3217178
0.37129804
-0.05292849
