0.055342868 
-0.03582526 
-0.21828143 
-0.029216247 
-0.1374573 
0.121532656 
0.034173507 
-0.013282161 
-0.21785735 
-0.050250422 
-0.15304947 
-0.05369211 
0.24477656 
-0.048233006 
-0.086710066 
0.05567651 
-0.08657506 
0.16451754 
-0.2031527 
-0.11818646 
-0.015246004 
-0.17833088 
-0.12074947 
-0.19607112 
0.03154115 
0.06456525 
-0.19403128 
-0.04081199 
0.06855073 
0.0775041 
-0.28518644 
0.15399036 
0.280774 
-0.023831747 
-0.024655128 
-0.0504159 
0.019685224 
-0.06420274 
-0.03542348 
-0.11436506 
0.043823652 
-0.06920312 
0.0775317 
0.0034842608 
-0.19428729 
0.041473363 
-0.02479182 
-6.8012385e-05 
0.027947664 
-0.22398287 
-0.068555325 
-0.010828925 
-0.020863796 
0.0551235 
0.05860407 
0.16215962 
0.024514742 
-0.022907935 
0.1857185 
0.03786571 
0.1519777 
-0.09029932 
0.060210153 
-0.21291813 
0.010936633 
0.00033783368 
-0.0020530242 
-0.014835308 
-0.009896372 
-0.021316214 
0.0065829125 
0.018867321 
-0.01580632 
-0.028188286 
0.02214417 
0.02600903 
-0.010930624 
-0.020955555 
-0.020646116 
0.0058912146 
-0.0149143385 
-0.02695899 
-0.0137531925 
0.008068931 
-0.005660088 
-0.02095988 
-0.0064298133 
-0.021204634 
-0.030136412 
-0.027514258 
0.0033046645 
-0.026387999 
-0.029080955 
6.531079e-05 
-0.020282539 
0.009783723 
0.036409803 
0.005506231 
0.017578082 
-0.005675925 
0.0100348815 
-0.0032828595 
0.008084266 
-0.015274829 
-0.025394654 
-0.0033348226 
0.011252508 
-0.0055959746 
-0.014206122 
-0.019564116 
0.015251463 
0.017737294 
-0.024583256 
-0.04058327 
0.00955537 
-0.027474834 
0.021260716 
0.005727208 
0.027612083 
0.026440002 
-0.001510209 
-0.022263678 
0.014507981 
-0.016317584 
0.04613239 
-0.029549466 
-0.020135159 
-0.0044729714 
-0.046584334 
0.014845623 
0.05527816 
-0.018205697 
0.03803931 
-0.013376002 
0.0049842615 
0.019832334 
0.02698635 
0.0019219838 
-0.082387805 
-0.0040953164 
-0.06407476 
-0.0110372575 
0.011418185 
0.08916016 
0.007499254 
0.02583162 
0.017375074 
0.032516673 
0.012102392 
0.011479905 
0.062492747 
-0.018521192 
-0.0314569 
0.020320902 
-0.025309965 
0.083292 
-0.03882018 
-0.006785252 
-0.060750134 
0.035571933 
-0.1021949 
-0.2060703 
0.027004091 
-0.19141737 
-0.020867389 
-0.052733574 
-0.10248827 
0.22608605 
-0.05274602 
0.20871708 
0.22059381 
0.045279715 
0.23778166 
0.029112946 
-0.07905101 
-0.22991998 
0.047879 
-0.04312722 
-0.1294796 
0.12928717 
-7.0708236e-05 
0.08694582 
0.0006920534 
0.19935736 
-0.019009445 
-0.2000769 
0.20211273 
-0.31478998 
-0.07753541 
0.27498215 
-0.07087291 
-0.01613737 
0.35268173 
0.0015121069 
-0.05208044 
-0.055520635 
-0.13014658 
0.032047503 
0.040052682 
-0.068918765 
-0.12909447 
-0.064791866 
-0.044768125 
-0.008861593 
0.07423902 
-0.015202732 
-0.06425692 
0.05677089 
-0.052302126 
0.050757516 
-0.050230153 
-0.05976535 
-0.0018872698 
-0.07645518 
-0.023790253 
0.0053247316 
-0.021225346 
-0.033123296 
0.010655746 
0.059810687 
0.24244909 
-0.019003697 
-0.11809391 
0.10830465 
0.6661599 
-0.031195516 
-0.17320397 
-0.16892138 
-0.2859788 
0.07496746 
0.07785761 
-0.15760109 
-0.26895234 
-0.13139349 
-0.16852629 
-0.061510827 
0.17111127 
-0.08299371 
-0.16984947 
0.118532315 
-0.17441793 
0.1959825 
-0.16120318 
-0.11363658 
0.0030575271 
-0.25497866 
-0.13919711 
-0.09173265 
0.005593248 
-0.094810784 
-0.06470061 
0.22907212 
0.46924075 
-0.10728602 
-0.35746932 
0.27343717 
-0.07786921 
-0.10410908 
0.1655698 
-0.035781372 
-0.03830895 
0.050308798 
-0.062376503 
0.21033025 
-0.028352546 
0.11305886 
0.1570487 
0.049629107 
0.22132649 
0.0632683 
-0.11812906 
-0.20157088 
-0.114132084 
0.12526569 
0.08338717 
0.13896796 
-0.004581386 
-0.09118567 
0.045346025 
0.109962344 
-0.03357024 
-0.15321986 
0.12507325 
-0.19867185 
0.059799578 
0.117431246 
-0.035453506 
0.08434458 
-0.061756853 
-0.09140324 
0.07142034 
-0.0390512 
-0.0028794839 
0.029752923 
-0.050889846 
0.21184544 
-0.020623427 
0.103515714 
0.12905839 
0.07866195 
0.207628 
0.032453157 
-0.088365674 
-0.1001827 
-0.0410252 
0.09682336 
0.09101776 
0.09676464 
-0.004912411 
-0.020904329 
0.018216211 
0.10633074 
-0.022705587 
-0.10524333 
0.079214826 
-0.14534287 
0.05770953 
0.10262472 
-0.029861717 
0.106104136 
0.18568303 
-0.07527439 
-0.25991678 
-0.14938807 
-0.23240796 
0.11718266 
0.03151589 
-0.008875352 
-0.29337084 
-0.0357248 
-0.21489996 
-0.029439898 
0.26554042 
-0.04839624 
-0.17244808 
0.071381725 
-0.19273756 
0.23766743 
-0.3058162 
-0.11233472 
0.005843823 
-0.302254 
-0.19263 
-0.2621602 
0.01680158 
-0.04820045 
-0.30314073 
0.0730094 
0.1486791 
0.0064789425 
-0.40135705 
0.30752057 
-0.023853108 
-0.003987185 
0.0028355375 
0.01218277 
-0.011681107 
-0.02259637 
0.023274673 
-0.00861315 
0.003160701 
0.021147734 
0.015944587 
0.017562803 
-0.030261386 
0.028457988 
-0.0011544568 
-0.024577435 
-0.0050523756 
0.017975496 
-0.032171927 
-0.001828051 
-0.013170543 
-0.0007956091 
-0.019586448 
0.017563902 
-0.016769908 
-0.027489431 
0.002895736 
-0.01201057 
-0.0039568515 
-0.025075067 
-0.023120467 
-0.021002546 
-0.13615078 
-0.23773459 
-0.06342454 
-0.3122688 
-0.039002333 
-0.094876334 
-0.10565725 
0.26070538 
-0.108702354 
0.20055261 
0.11147553 
0.014888568 
0.18243425 
-0.0015869627 
-0.021200063 
-0.18178877 
0.08495732 
-0.016467895 
-0.21151939 
0.06419067 
0.007240045 
0.18225083 
0.11921755 
0.22618224 
-0.021863133 
-0.082041875 
0.18657005 
-0.32827944 
-0.1368455 
0.29991487 
-0.16583043 
0.08276707 
0.0025074084 
-0.011340256 
-0.018205969 
0.0050403504 
0.029453939 
0.009842286 
-0.020981282 
-0.012302569 
-0.01645621 
0.014844467 
-0.025333444 
-0.028329449 
-0.021021286 
0.013055068 
-0.003961701 
0.007413642 
-0.025266709 
-0.02039651 
0.0020135322 
-0.009750479 
-0.021626476 
0.013139122 
-0.0016778987 
0.027885187 
0.013299823 
0.00018128962 
0.0034736446 
0.0009949175 
-0.028858205 
-0.011996372 
-0.028804732 
-0.0013180727 
-0.06475199 
-0.27798513 
-0.105778314 
-0.29416043 
-0.08096109 
-0.055071555 
-0.15869184 
0.2590142 
-0.09569217 
0.28207943 
0.22749667 
0.042012386 
0.19055493 
-0.022170486 
-0.16400039 
-0.25663513 
0.01478668 
-0.050966613 
-0.2169868 
0.07930716 
-0.040385447 
0.089541666 
-0.04219808 
0.1869404 
0.001463841 
-0.20021783 
0.17459792 
-0.36953577 
-0.03981166 
0.25448602 
-0.11841425 
-0.06036902 
-0.021418454 
-0.06671816 
0.17330827 
0.012542617 
0.022780942 
0.010484576 
-0.015419205 
0.19562232 
0.032022778 
0.11958628 
0.10422867 
0.024144232 
0.107714325 
0.0014024103 
-0.06272282 
-0.110598266 
-0.08954657 
0.03628124 
0.093388334 
0.10152181 
-0.027531913 
-0.035852313 
-0.030814266 
0.035434946 
-0.032988805 
-0.09285223 
0.09267849 
-0.13558692 
0.025631195 
0.10647633 
-0.0023531073 
0.017461997 
0.70026344 
-0.009665247 
-0.15191557 
-0.16587687 
-0.29736975 
0.12675437 
0.018769728 
-0.16087078 
-0.26732737 
-0.16181839 
-0.17850861 
-0.019301228 
0.17347415 
-0.091795646 
-0.14871177 
0.1503346 
-0.16642477 
0.20905726 
-0.19066615 
-0.11244214 
0.007373493 
-0.2617859 
-0.10720804 
-0.08290583 
0.03354706 
-0.059605274 
-0.031133145 
0.2075572 
0.52937424 
-0.10589707 
-0.28130683 
0.21313715 
-0.009180674 
0.02364388 
0.13908133 
0.035113245 
-0.019420095 
-0.010696277 
-0.00918817 
0.029262269 
-0.014516295 
-0.031865045 
0.05441193 
0.017508425 
0.026225386 
0.018675176 
-0.052082393 
-0.046778433 
-0.14767075 
0.012764926 
0.14102542 
0.094225 
-0.0017029884 
-0.07507453 
0.034123167 
-0.011877245 
-0.026836952 
-0.06408553 
-0.041607816 
-0.05841053 
0.026604354 
-0.02984624 
-0.019645674 
0.0023008778 
0.17397034 
-0.00947731 
0.014558663 
-0.02591104 
0.12098532 
-0.10476226 
-0.05430051 
-0.13063093 
0.18858425 
-0.0075890943 
0.14366077 
-0.038933013 
-0.2852825 
-0.010121139 
-0.022711521 
-0.026478583 
0.1833189 
-0.27183166 
0.025445433 
-0.005749748 
0.005407541 
0.11207023 
-0.038777772 
0.18513887 
0.0068331133 
-0.057947274 
0.16569208 
0.03925994 
0.030801436 
-0.115919225 
0.26813287 
-0.2819235 
0.026140435 
-0.0015691374 
0.004222815 
0.010313193 
-0.01719509 
0.02587065 
-0.0050343857 
0.021400526 
0.025631865 
0.019070037 
-0.009678142 
0.008272736 
-0.031896956 
0.0039983913 
0.014097649 
-0.0047286903 
0.02786394 
-0.013018788 
-0.037510976 
0.020129185 
-0.027022805 
-0.015521641 
0.017276274 
-0.011457553 
0.004034727 
-0.005980721 
0.015038854 
-0.018998684 
-0.027485741 
-0.024295488 
-0.01606484 
-0.041996814 
0.16838057 
-0.018818393 
0.019115377 
-0.007698289 
0.06478201 
-0.10075122 
-0.030474631 
-0.114989206 
0.20352493 
-0.028471166 
0.12838893 
-0.039465085 
-0.25328493 
0.014122908 
-0.032231893 
0.0016154628 
0.115452446 
-0.261435 
0.034968954 
-0.040586945 
0.014577067 
0.092264146 
-0.0023273467 
0.15032865 
-0.024094472 
-0.002511753 
0.19413407 
0.0054215686 
0.03235936 
-0.07669451 
0.20159784 
-0.26983577 
-0.020985521 
-0.024611473 
-0.022944907 
-0.019271852 
0.021000016 
-0.0003981977 
-0.0010902145 
-0.012219264 
-0.012683963 
-0.022762824 
-0.022164201 
-0.007035432 
-0.0038046318 
0.0059736916 
0.0072278185 
-0.017242942 
-0.027068589 
0.0053492077 
0.0005522303 
0.008771143 
-0.03217217 
-0.020989038 
-0.015012712 
0.0032548318 
0.00928235 
-0.014652975 
-0.015834823 
-0.010824825 
0.028176555 
0.026796713 
0.005812081 
-0.0049795224 
-0.18247314 
-0.42705497 
0.13952385 
-0.10627845 
0.053259425 
-0.09409834 
-0.23210403 
0.371299 
0.020351361 
0.2785363 
0.40989566 
0.14904206 
0.31196684 
-0.0020046735 
-0.17133942 
-0.43037313 
-0.07231048 
0.061491985 
0.054216146 
0.27548563 
-0.0023509439 
-0.03133251 
-0.046050653 
0.14069352 
0.021965867 
-0.352462 
0.19995028 
-0.5262813 
0.076149546 
0.22381154 
0.056846574 
-0.04057459 
0.17995772 
-0.0013208636 
-0.014024085 
-0.05023509 
-0.06317515 
-0.010731557 
-0.0290417 
-0.06544187 
-0.023012577 
-0.043941844 
0.006800694 
-0.023549976 
-0.033899896 
-0.018407572 
-0.015157983 
0.02819261 
-0.031872325 
-0.050141655 
-0.01998106 
-0.014329422 
-0.012986542 
-0.008950097 
-0.001717421 
0.023437593 
-0.018137915 
0.021872614 
0.040686563 
0.0465577 
0.16226262 
-0.00668657 
-0.027868303 
-0.012911806 
0.20169164 
-0.11581835 
-0.2646921 
-0.1386959 
-0.2714677 
0.13026565 
0.03898452 
-0.076732725 
-0.27625203 
-0.06474812 
-0.20123392 
-0.07350541 
0.24523744 
-0.06965065 
-0.19680369 
0.014460013 
-0.19835067 
0.24677348 
-0.33555463 
-0.10455909 
-0.017490204 
-0.2657416 
-0.20069227 
-0.26197225 
0.029371718 
-0.06952245 
-0.2756865 
0.10037106 
0.1611798 
-0.035519056 
-0.4028183 
0.32969093 
0.15414715 
-0.023126837 
0.0060334117 
-0.0051443446 
0.08894389 
-0.07083669 
0.008429714 
-0.08751236 
0.1910143 
-0.038028717 
0.078357205 
-0.058076628 
-0.24064027 
0.022559134 
-0.02184119 
-0.06668606 
0.096765034 
-0.23428667 
-0.0049341023 
-0.014947192 
-0.0033413342 
0.09002065 
0.0064445785 
0.1572178 
-0.00524129 
-0.02801288 
0.20065875 
0.04828438 
0.027366009 
-0.08827656 
0.24312975 
-0.24509856 
0.049038455 
-0.09480615 
-0.19504401 
-0.104297265 
-0.19233374 
0.09610803 
0.059326466 
0.03156091 
-0.21843976 
-0.007991222 
-0.18365957 
-0.039193302 
0.25954393 
-0.08070103 
-0.09418728 
0.01182421 
-0.11311666 
0.18399544 
-0.23153691 
-0.098500066 
0.0006900183 
-0.18364069 
-0.15012428 
-0.19351858 
0.012850785 
-0.057390165 
-0.2189293 
-0.013899456 
0.00824832 
0.0312623 
-0.29250115 
0.21467125 
0.028044783 
-0.02800565 
0.001216414 
0.005539973 
0.002720403 
-0.009496718 
0.007807681 
-0.006248135 
0.004128393 
-0.014856488 
0.0073203975 
0.0026616694 
-0.04486398 
-0.027857466 
-0.018978266 
0.016843803 
0.00014328767 
-0.03724514 
-0.00066013954 
0.00067016145 
0.025003955 
-0.007242253 
0.0066166874 
-0.030162532 
0.006187635 
0.013890882 
0.0059388424 
0.025470356 
-0.02531357 
-0.027577357 
-0.031558868 
-0.014927707 
-0.15987079 
-0.1487391 
-0.050312083 
-0.2622355 
-0.1366082 
-0.113016956 
-0.05877073 
0.23244216 
-0.10618648 
0.19035082 
0.036158092 
0.054650363 
0.033614375 
0.00042806502 
0.08755988 
0.021709437 
0.19849843 
0.01910199 
-0.09724585 
0.058222793 
-0.0107796695 
0.16636986 
0.095294304 
0.17542939 
0.014782479 
0.016515732 
0.1035136 
-0.0594116 
-0.17206572 
0.17601602 
-0.13641277 
0.17203403 
0.5185982 
0.014886482 
-0.17517287 
-0.14904591 
-0.23357584 
0.12034423 
0.020156903 
-0.12697622 
-0.1724604 
-0.11647355 
-0.13879618 
-0.03233422 
0.16362703 
-0.055608556 
-0.11975447 
0.1384896 
-0.15061699 
0.19446737 
-0.18316413 
-0.11684235 
-0.010293941 
-0.2144835 
-0.14514735 
-0.07393114 
0.011379545 
-0.031247977 
-0.06931073 
0.19673094 
0.38449153 
-0.11820322 
-0.28276289 
0.22946171 
0.26250917 
-0.0554793 
0.02507537 
-0.039887678 
0.11950633 
-0.09350175 
-0.047928788 
-0.13677834 
0.18165684 
-0.069724254 
0.12732108 
-0.03316705 
-0.28776354 
-0.0059536225 
-0.01839098 
-0.006894793 
0.08321563 
-0.29845604 
-0.00047779104 
-0.005791972 
-0.008932657 
0.101406105 
-0.0314352 
0.17614752 
-0.028185174 
-0.04598084 
0.21593542 
0.023419816 
0.11029527 
-0.12979501 
0.27765667 
-0.27092594 
-0.056822266 
-0.07103943 
-0.043698855 
-0.14937626 
-0.09160797 
-0.052068442 
-0.005213726 
0.08402664 
-0.07333754 
0.09714673 
0.0817124 
0.028443221 
0.01254941 
0.01597355 
0.05481632 
0.04483833 
0.08030375 
0.057475396 
-0.051572975 
0.04452188 
0.023110423 
0.11476622 
0.15446672 
0.14665459 
-0.026293652 
-0.005828458 
0.1093021 
0.060707282 
-0.04361146 
0.08755727 
-0.0213843 
0.19303921 
-0.099718735 
-0.28484145 
-0.05313114 
-0.29372114 
-0.03413196 
-0.060284857 
-0.13678622 
0.275735 
-0.066826515 
0.26418906 
0.16130099 
0.030920073 
0.23769835 
0.0061623203 
-0.20887661 
-0.30526248 
0.07306119 
-0.100022994 
-0.17143783 
0.104144394 
-0.039191227 
0.10132335 
-0.054611817 
0.2342873 
0.018425632 
-0.26956418 
0.23437189 
-0.41332456 
-0.08578158 
0.30375442 
-0.13800804 
-0.04891965 
0.029094579 
-0.1120963 
-0.19331324 
-0.101149194 
-0.20981744 
0.08352648 
0.059235357 
0.01844341 
-0.252184 
0.00060375535 
-0.20830321 
-0.03931623 
0.223288 
-0.08226603 
-0.09775258 
0.01795597 
-0.12848867 
0.22997732 
-0.23496597 
-0.090379685 
0.0026226311 
-0.20043774 
-0.15848695 
-0.21093187 
-0.010994822 
-0.1037014 
-0.21716735 
0.0015726703 
0.041756038 
0.054790627 
-0.33170003 
0.2650216 
0.06634582 
0.0014705728 
0.0010986049 
-0.004975554 
-0.009050369 
-0.012180066 
0.02678153 
0.00032284367 
-0.024668667 
-0.032701477 
0.012807068 
-0.0014342376 
-0.02897093 
0.027171044 
-0.0017565073 
-0.0024990812 
0.02941345 
-0.042836156 
0.0044915555 
0.02137245 
0.026955986 
0.010328215 
0.021452136 
0.004860534 
-0.003790451 
-0.012130226 
0.050859243 
0.004484892 
0.048737988 
-0.040366635 
0.020449493 
-0.049287356 
0.009316725 
-0.024683716 
-0.012912872 
-0.003412235 
0.032240722 
0.015626665 
0.026955321 
-0.023396954 
-0.018559294 
0.014116064 
0.0046227006 
-0.015056044 
-0.0062718946 
0.0123145105 
-0.006742745 
-0.017899673 
0.03270383 
-0.013667425 
0.014195584 
-0.010810361 
-0.021630473 
-0.004227425 
-0.014375845 
-0.027759243 
-0.010230168 
0.012037591 
0.011299443 
0.016459644 
0.008230274 
-0.014569016 
0.022652762 
-0.02842688 
0.96347535 
0.023360532 
-0.14787585 
-0.22101882 
-0.35121787 
0.096290834 
0.094216466 
-0.39346802 
-0.31664583 
-0.28823456 
-0.18793915 
-0.033842783 
0.040512297 
-0.078972116 
-0.22516918 
0.12410757 
-0.22648591 
0.24603522 
-0.15392591 
-0.132252 
0.005565413 
-0.2378672 
-0.09691386 
-0.013955224 
0.0255439 
-0.012864724 
0.08278487 
0.17094992 
0.6495197 
-0.28101492 
-0.28817892 
0.23061855 
-0.004470665 
-0.021694375 
0.0067327092 
-0.026062718 
0.022646317 
-0.010305954 
-0.0035166482 
-0.0004439136 
0.012731275 
0.0011849955 
-0.020507634 
-0.0020908448 
-0.029321026 
-0.007885838 
0.008844546 
-0.018244432 
0.015917141 
-0.007341817 
-0.023391679 
-0.015996635 
-0.012632749 
-0.015148511 
-0.022232797 
-0.007677093 
0.012242194 
0.0042991205 
-0.009116005 
-0.014388782 
0.01084352 
0.011479965 
0.018639533 
-0.004024684 
-0.008314088 
0.039052684 
-0.015902776 
-0.024071772 
0.098474674 
-0.041546684 
-0.010394146 
-0.021332681 
0.109479256 
0.0010349444 
0.03644181 
-0.031064447 
-0.072081864 
-0.031137077 
-0.013443173 
0.016396247 
0.0835374 
-0.062865086 
0.0031185553 
-0.044540472 
-0.012146692 
0.05176534 
-0.054685183 
0.017911289 
0.015259054 
0.018285008 
0.040802848 
0.037203927 
-0.055617448 
0.00743202 
0.10817192 
-0.0912949 
0.102794655 
-0.055383917 
-0.24144004 
-0.07945399 
-0.24785665 
0.12731437 
0.047696255 
-0.017517475 
-0.284202 
-0.042154185 
-0.23226841 
-0.054146875 
0.29106787 
-0.07213144 
-0.14012578 
0.04441911 
-0.13139546 
0.18339923 
-0.28334904 
-0.10242885 
0.010819449 
-0.23182528 
-0.21444714 
-0.2550952 
0.032859895 
0.0027073168 
-0.26634735 
-0.005438232 
0.058437012 
0.049361248 
-0.37654048 
0.23158988 
-0.095093116 
-0.26442653 
-0.09623009 
-0.28341144 
-0.0690943 
-0.081887625 
-0.12389436 
0.24128316 
-0.088321775 
0.28997153 
0.16771302 
0.023644064 
0.19940504 
-0.016781207 
-0.12896779 
-0.2698223 
0.03976998 
-0.055500913 
-0.2069136 
0.051971145 
0.0016604763 
0.07712668 
-0.0260407 
0.26561442 
0.007595765 
-0.22036582 
0.19428512 
-0.37510782 
-0.09050366 
0.2589525 
-0.13646151 
-0.033967227 
-0.093478076 
-0.12616606 
0.13487566 
-0.02094341 
0.027891513 
0.034254868 
-0.08428316 
0.28651085 
0.007574455 
0.19883944 
0.20276846 
0.10659385 
0.22938271 
0.031054137 
-0.15555878 
-0.24273075 
-0.1288872 
0.08701366 
0.07755517 
0.15282539 
-0.005217198 
-0.07659921 
0.012316515 
0.10279148 
-0.0011679626 
-0.19889161 
0.12157643 
-0.28795144 
0.069143996 
0.16360708 
0.006802151 
0.022800326 
0.11373264 
0.006757452 
-0.17245133 
-0.023652023 
-0.09543999 
0.13046652 
0.013303831 
-0.0012329135 
-0.16795333 
-0.005555554 
-0.1669324 
-0.018515997 
0.2761206 
-0.059778735 
-0.07387378 
0.077425 
-0.10108408 
0.12968038 
-0.16800591 
-0.10232833 
-0.009657064 
-0.13435088 
-0.10345846 
-0.18840028 
-0.023080556 
0.09479094 
-0.17310505 
-0.038922757 
0.029148396 
0.054015163 
-0.2692089 
0.1133742 
0.0044240463 
0.003144284 
-0.015780292 
0.019610615 
0.017269153 
-0.019376801 
0.009221435 
-0.02108695 
0.022357825 
-0.009127601 
0.0020578443 
0.014044649 
-0.021811323 
-0.008966334 
0.0035195386 
-0.0022610754 
-0.009110599 
-0.0014447195 
-0.027049754 
0.0088502355 
-0.0041187764 
0.004625126 
0.012411119 
0.015760576 
-0.013664091 
0.0147582 
0.009357485 
0.0052471203 
0.04297153 
-0.004438267 
-0.028282672 
-0.026549185 
-0.029637164 
0.032726917 
0.035116076 
-0.011489002 
-9.396042e-05 
0.0011679565 
0.0076453793 
-0.006391165 
0.033642747 
0.018993622 
-0.03793368 
-0.020474905 
-0.022489294 
-0.003719019 
0.01049298 
0.012389728 
-0.01927451 
0.0025689574 
0.033314664 
0.03268448 
0.022354146 
0.047432724 
0.011809739 
-0.010449963 
0.022010356 
0.041846223 
-0.035278447 
0.05591674 
-0.008337851 
-0.033519734 
-0.048040353 
0.012837927 
0.01278271 
-0.022331337 
0.009392296 
-0.034014706 
-0.006726755 
0.017863153 
-0.024547834 
-0.027593207 
0.022879265 
-0.018604424 
0.007792138 
0.001480696 
-0.014534209 
-0.016296403 
-0.011424888 
0.021493126 
0.028655242 
-0.012464777 
-0.015910046 
0.021073025 
0.029213112 
-0.02044471 
-0.018301975 
-0.01544758 
-0.009481444 
0.019662447 
-0.02401897 
-0.017701503 
-0.0025433765 
-0.017310072 
-0.027916986 
-0.0016163974 
0.115303434 
-0.0967729 
-0.22637728 
-0.09747037 
-0.22469094 
0.09197828 
0.059845462 
0.004279687 
-0.20892708 
-0.017521739 
-0.183495 
-0.043712325 
0.26197526 
-0.06515266 
-0.12675188 
0.025244646 
-0.13534248 
0.18019015 
-0.24669226 
-0.10151568 
0.00053673267 
-0.23418672 
-0.15098415 
-0.2190829 
0.010994907 
-0.056112498 
-0.23350944 
0.049815584 
0.0708269 
-0.0056194114 
-0.32146916 
0.25189513 
0.86674684 
-0.011992157 
-0.18680273 
-0.18659082 
-0.3369537 
0.1590446 
0.0539917 
-0.26579133 
-0.26863214 
-0.25378588 
-0.11651294 
-0.028864112 
0.063466914 
-0.1012228 
-0.18017295 
0.15690303 
-0.15531959 
0.17539932 
-0.18589446 
-0.15057017 
0.002830043 
-0.21737425 
-0.16722962 
0.0026552028 
0.014316731 
0.0020073503 
0.091041304 
0.21056575 
0.6399921 
-0.24249226 
-0.2416837 
0.23098497 
-0.023834983 
-0.024133997 
-0.022441112 
-0.022975054 
0.026109181 
0.022626285 
-0.019917138 
-0.016649744 
0.0010772115 
0.016378613 
-0.02430657 
0.01294372 
-0.02826496 
-0.017694946 
-0.0015593322 
0.008124258 
-0.027218087 
-0.009467158 
0.020784153 
0.027046103 
0.014423141 
0.007253096 
0.004816012 
0.0045492924 
0.018960126 
-0.031357545 
-0.025051856 
0.0048799478 
-0.025536612 
0.02409515 
-0.0021603373 
0.0048734113 
-0.14668076 
-0.028547054 
-0.06412657 
-0.18368538 
-0.09939263 
-0.1004233 
-0.07672158 
0.15367198 
-0.08590263 
0.13261342 
-0.011589948 
0.015267673 
-0.018801538 
-0.011089916 
0.10383353 
0.071070015 
0.13332526 
0.023263896 
-0.11164887 
0.01476003 
-0.015884826 
0.14015086 
0.11910192 
0.10201462 
-0.003876825 
-0.008779573 
0.06208528 
0.016388504 
-0.13485098 
0.121826224 
-0.11845905 
0.16099074 
-0.14455053 
-0.23064968 
0.07331071 
-0.19630603 
0.0014980373 
-0.037702043 
-0.09171613 
0.2563723 
-0.071849585 
0.17086895 
0.18797536 
0.077175945 
0.33022192 
0.004455893 
-0.10513679 
-0.23262848 
0.027279466 
0.10419597 
0.074355766 
0.0915481 
-0.013144509 
-0.022989083 
0.03022043 
0.15638036 
0.0059982524 
-0.2134127 
0.11709286 
-0.26154426 
0.016513286 
0.19763309 
-0.01117537 
0.06840657 
0.018792562 
-0.04433349 
-0.1562766 
-0.009112844 
-0.11354368 
0.10788438 
0.0004335456 
0.0018234702 
-0.18766288 
-0.031422596 
-0.1407658 
-0.0049569253 
0.25481388 
-0.07938252 
-0.059679918 
0.0690302 
-0.09854803 
0.08039215 
-0.17879799 
-0.07219923 
-0.00092964224 
-0.11838655 
-0.13275672 
-0.1542594 
0.020745594 
-0.003213857 
-0.14970689 
-0.015788956 
0.004505437 
0.049978197 
-0.2302165 
0.14663166 
-0.17214888 
-0.32031682 
0.13589625 
-0.13525864 
-0.02796129 
-0.057310957 
-0.18639997 
0.35376552 
0.0002733601 
0.22829592 
0.29786667 
0.1059093 
0.31343117 
0.029274108 
-0.14488128 
-0.35068798 
-0.07546601 
0.056661915 
0.035169825 
0.23057273 
-0.022139331 
-0.051594544 
-0.025252314 
0.1738821 
-0.0025598293 
-0.28511533 
0.17900422 
-0.43480596 
0.051241837 
0.23255835 
0.0130741885 
0.006670812 
0.18772535 
-0.025379006 
0.030394021 
0.006206549 
0.13059147 
-0.121831976 
-0.03527876 
-0.13934666 
0.19223948 
-0.034009445 
0.13946521 
-0.027853334 
-0.30331033 
0.006433065 
-0.053954285 
-0.012766957 
0.11641764 
-0.2882698 
0.030657511 
-0.030202374 
0.014845759 
0.13599971 
-0.027790817 
0.18427253 
0.003072876 
-0.037296265 
0.2369179 
0.051426075 
0.031948015 
-0.11568675 
0.2042447 
-0.29635662 
-0.027739415 
-0.055394318 
0.15219185 
0.035419337 
-0.033238992 
-0.0016300676 
-0.0416876 
0.1591517 
-0.031113489 
0.046663254 
0.0986751 
0.06447693 
0.120945975 
0.043637887 
-0.11886762 
-0.09506117 
-0.18370166 
0.08016572 
0.13303596 
0.18423815 
0.010179021 
-0.08845005 
0.031429693 
0.07006041 
0.020892104 
-0.11416637 
0.05699852 
-0.089841746 
0.13056472 
0.040007465 
-0.011693947 
0.07951965 
-0.18549225 
-0.111139916 
-0.090862684 
-0.26925033 
-0.09457881 
-0.10812916 
-0.08399032 
0.2020625 
-0.116594486 
0.16766614 
0.061919533 
0.03996351 
0.034472935 
0.0005819723 
0.050700147 
0.055418454 
0.2416444 
0.0026865264 
-0.022076555 
0.04885439 
0.0015489161 
0.17681281 
0.13517761 
0.13099094 
-0.015211644 
0.0045489245 
0.09187997 
-0.056807503 
-0.16157104 
0.17170377 
-0.14594415 
0.17387956 
-0.059809454 
0.038674653 
-0.0030859453 
-0.04856016 
-0.059550818 
-0.05573894 
-0.002503932 
0.024807956 
-0.011544553 
-0.03032788 
-0.06406564 
0.024108786 
-0.017125482 
0.009923575 
0.07660269 
0.040255703 
-0.0029995444 
0.0038776083 
-0.017989239 
0.0099482685 
-0.027367447 
0.011190215 
0.080947526 
0.029993247 
-0.014566407 
0.04457798 
-0.04692613 
0.08514084 
-0.052191056 
-0.012137505 
-0.042657353 
0.031005584 
-0.13771674 
-0.18449105 
-0.014073528 
-0.28096366 
-0.108750865 
-0.08474742 
-0.046395324 
0.21144417 
-0.08941653 
0.096652925 
0.15577458 
0.059463046 
0.09828179 
0.013835527 
0.006460369 
-0.013118899 
0.105230086 
0.15002997 
-0.048196707 
0.08684396 
0.0020379995 
0.123053715 
0.18056267 
0.12781875 
-0.016361747 
-0.058947936 
0.07475797 
-0.06802913 
-0.09075232 
0.09344719 
-0.039657783 
0.33559313 
0.4983496 
0.0008580066 
-0.10589803 
-0.08650327 
-0.17457405 
0.10818694 
0.031536605 
-0.13733768 
-0.17702726 
-0.13466035 
-0.048747644 
-0.050613295 
0.070849724 
-0.068720505 
-0.08604752 
0.11788167 
-0.084178045 
0.111344695 
-0.093962304 
-0.08266279 
-0.01130028 
-0.12286685 
-0.08586933 
0.008577573 
0.030944366 
-0.024187025 
0.060053773 
0.11072513 
0.3754385 
-0.090477675 
-0.15655752 
0.1274547 
0.50044745 
-0.034332503 
-0.19995318 
-0.17486122 
-0.25930548 
0.110541046 
0.005315295 
-0.13954884 
-0.22644785 
-0.13240919 
-0.24032547 
-0.0413301 
0.23457882 
-0.0586071 
-0.18372986 
0.15533948 
-0.17150475 
0.17466101 
-0.22452727 
-0.1335978 
0.026860233 
-0.2747794 
-0.13142163 
-0.14285642 
0.018997645 
-0.050754875 
-0.13598065 
0.19166398 
0.38914883 
-0.043996986 
-0.3452159 
0.26966453 
-0.095696926 
-0.2094311 
0.10657879 
-0.06578072 
0.0001543191 
0.0010056316 
-0.06879062 
0.32362938 
0.032532945 
0.16002776 
0.18740796 
0.083378315 
0.2917552 
0.077415 
-0.12863834 
-0.25773445 
-0.1398254 
0.081499584 
0.03566574 
0.2543443 
0.008927534 
-0.08635364 
0.0052679568 
0.10888977 
-0.024821313 
-0.21134287 
0.13484079 
-0.33488607 
0.08804283 
0.14662454 
-0.008672343 
0.08572179 
0.28551063 
-0.06355965 
-0.23321658 
-0.23241039 
-0.23617584 
0.10199776 
0.08545904 
-0.09685201 
-0.2626357 
-0.07311766 
-0.22179388 
-0.03465221 
0.16521549 
-0.038263522 
-0.24414633 
0.014154154 
-0.23469801 
0.27795577 
-0.31603158 
-0.07954102 
0.014810926 
-0.2738017 
-0.154199 
-0.22012761 
0.03772676 
-0.14305715 
-0.24620819 
0.12643592 
0.18516088 
-0.035386007 
-0.41161844 
0.37167463 
0.17780724 
-0.090098165 
-0.29036087 
-0.2599493 
-0.28359598 
0.09813758 
0.06601052 
-0.030233009 
-0.27807778 
-0.0168004 
-0.23028459 
-0.023588337 
0.26754022 
-0.067644574 
-0.27021763 
0.061843082 
-0.23616438 
0.26193523 
-0.38255593 
-0.14109315 
0.0017189938 
-0.31110764 
-0.23886035 
-0.30959368 
0.015221199 
-0.13451518 
-0.31366873 
0.06235991 
0.11376334 
0.035327364 
-0.4516553 
0.3835182 
0.1239719 
-0.011821097 
-0.012130698 
-0.0023167029 
0.04786186 
-0.014361791 
-0.00017135053 
-0.037955962 
0.054736894 
-0.049525168 
0.02494655 
-0.024638297 
-0.097599395 
0.012384147 
0.014548745 
0.009739806 
0.027199201 
-0.109484814 
0.014511601 
-0.016666383 
0.022598483 
0.0040183417 
0.023395492 
0.0855434 
-0.020344008 
3.1674284e-05 
0.070011355 
-0.0029099865 
0.060272403 
-0.015473372 
0.1251088 
-0.09647333 
