0.5613208 
0.37890387 
0.009244865 
0.058253862 
-0.1259294 
-0.1724635 
0.49511898 
1.1320119 
-0.10124394 
-0.053736724 
0.99559337 
0.0059052273 
-0.14350694 
-0.008134537 
-0.19142357 
-0.15248048 
1.1348376 
-0.04980517 
0.2297567 
0.0010571192 
0.21530525 
-0.012867911 
-0.27362514 
0.25998443 
1.0219145 
0.23915043 
0.6818325 
-0.0094523635 
-0.14175743 
0.9351524 
0.34236687 
0.04006459 
-0.20167437 
0.7461268 
0.08826028 
-0.004317022 
1.4465619 
0.0026227941 
-0.055244077 
0.8112039 
-0.14977276 
-0.22192538 
0.48444074 
0.03297927 
-0.07502055 
-0.017238516 
0.77536976 
1.3105005 
-0.0070236675 
-0.1498062 
-0.13039212 
0.46885973 
-0.20306475 
0.2516759 
-0.03312205 
-0.14681315 
-0.084487334 
0.024663415 
0.7304956 
1.0492859 
-0.087700985 
1.0851092 
1.1945571 
0.17646037 
-0.44140837 
-0.3485436 
0.015382981 
-0.02709929 
0.1071672 
0.7768929 
-0.14591423 
-0.3537109 
0.4623699 
0.4167603 
-0.4297958 
0.010350838 
0.81623465 
-0.0042842953 
0.90362227 
0.31526962 
-0.37483102 
0.21657625 
-0.49889785 
-0.03807257 
-0.43934128 
-0.010355123 
0.9983698 
-0.08377823 
-0.41309124 
-0.42207822 
-0.41046372 
-0.028536802 
0.56517947 
-0.31715912 
-0.4547602 
0.40952113 
0.98693264 
-0.43111885 
-0.04891166 
-0.031006657 
-0.36257696 
-0.0029418115 
-0.21422884 
-0.5143906 
0.9108298 
0.5194664 
-0.4269787 
-0.016128061 
0.064937145 
-0.008018831 
-0.4085226 
-0.37932837 
-0.010567267 
0.4237718 
0.66283846 
-0.36612302 
0.85551196 
-0.5160781 
0.351783 
0.56126684 
0.15419418 
0.5839072 
-0.2649545 
-0.34763125 
0.60806495 
-0.31983897 
-0.3891104 
-0.15158598 
