000000010000000000000001000000001111111000000000000000000000001011111110
001010010010101000101110000101100001000000001000101011111100001110110111
111111100000000100000000111111111111111100000000000000000000000100000001
111111110000000000000001111111100000000100000000000000010000000100000001
000000010000001000000010000000010000000011111111111111100000000011111111
000000010000000111111111000000011111111100000000000000001111111100000001
000000001111111111111111000000001111111100000000000000010000000100000001
111101001110110011110010000100010000000111111100110000111100001111000111
000000000000000100000000000000011111111111111110111111101111111100000000
000010100000100100000111001000000011001000101110000000110000010000000100
000000000000000100000000000000011111111100000001000000000000000100000000
111111101111111111111110000000000000001011111111111111110000000111111111
000100010000111000001111001010010011010100110011000000010000000000000000
111111110000000000000010000000110000100100001000000000010000000000000001
000000000000111100001011001101100011001000111001101111011011010110110001
111111100000000011111111000010010000011100000100000000000000000011111111
111111110000000100000000000000000000001000000010000000001111111100000001
000010011110100000000001000100000000101111111011000100011111011100111000
000000000000000100000001000000011111111100000010000000001111111111111111
000000010000000011111111000000011111111100000010000000011111111011111111
000000000000000000000000000000100000000111111111000000101111111100000000
111111111111111100000001000000010000000000000000111111110000000000000001
000000000000000111111111000000101111111100000001000000011111111111111111
111110011110111011011110000111010001011000001011111111010000101000000010
000000001111111111111111111111100000000011111111000000011111111011111111
000000100000000100000000000000000000000000000010000001100000011100001000
111111111111111000000000000000010000000000000001000000101111111011111111
111111100000001011111111000000010000000000000001000000000000000100000010
111111101111111011111100111111100000000000000000000001000000010000000111
000000011111111111111110000000001111111100000000000000000000001011111111
111000111100101011001001001010010000001100010111001001110001000000000001
000000000000000100000001000000100000000000000001000000000000000000000000
111111111111110100000000111111111111111011111111111111110000001000000001
111000011111000100110001110101111110000000100010111000111110000111101110
000000111111111000000000000000101111111111111110000000100000000100000000
000000010000000100000001000000100000000111111111000000010000000100000000
000000000000001000000000111111100000000011111110000000000000000100000001
000000000000000100000001000000010000000011111111000000100000000011111110
111111110000001011111110000000010000000100000000000000010000000011111111
111100001111101111111000111101001111100000000111000000001111101000001000
000000101111111100000000111111110000000000000000000000000000000000000000
111111100000000000000010111101001111010111111000111110001111011011111000
000000011111111100000000111111101111111111111111000000010000001000000000
000000010000000100000001111111110000000100000001111111110000000000000000
000010100000001100001010111101111111011111111011111110111111100011111010
111111010000000011111110111111001111110100000001111111010000000011111111
001000011110101011100010001111101110101111001111001101100000001011100001
000000011111111111111110000000011111111111111111000000100000000111111110
000000000000001000000000000000010000010000000001000000100000010000000011
001010011110100000011110000011011100110000011011000001101011100000011100
000000100000000111111111000001000000000100000001000000010000001000000011
000000000000001000000010000000100000001000000001000000101111111100000010
111111111111111100000000000000011111111111111110111111100000000011111111
000000110000000100000011000000100000001000000001000000111111111100000010
111111111111111100000000111111111111111100000001000000000000000000000001
000011010000100100000100000001110000011000000001111101110000000011111111
111111110000000111111101000000100000001011111110000000100000001100000011
000000100000000100000001111101011111011011111000111110101111011011110100
000000001111111100000001000000010000000100000010000000011111111100000000
000000011111111100000010000000001111111100000000000000010000000111111111
000010100000011000001001111101011111000111110110111110101111010111110110
000000101111111100000001111111111111111100000000111111110000000100000001
001000011111111000100101000000001100111111110000001000111111001000000101
000000000000000000000001000000010000001000000001000000010000000100000001
000000010000000000000000000000011111111111111111000000100000000111111111
000011101101111011001110000111011111000011011111000011101110101011011000
111111100000000100000001000000010000000111111110000000000000000100000000
111111110000000111111110000000010000000000000000111111110000001000000000
111111111111111011111111000000001111111011111111000000101111111000000001
000000001111111100000001111111110000000111111111111111111111111100000001
000000000000000100000000111111110000000011111111111111110000001000000000
111111000000000011110110000010010000011000000101111101111111111000000110
111111110000001011111111000000011111111100000000111111110000000100000001
111111110000000011111111111111001111101011111110111110111111101111111011
000000000000000000000000111111110000000011111111000000100000001000000001
000000010000000111111111111111110000000000000000000000011111111111111111
111111111111110111111110000001110000011100000110000000111111111000000011
111111110000000000000000000000011111111111111111000000001111111000000000
000110011101011111000101010100000001010011111101001011000000100111101110
111111111111111011111110111111100000000000000000000000001111111111111110
000000001111111111111111111111101111111111111110000000000000000100000001
111110011110011011100110111011101111101100000101111111101111010011111001
000000011111111100000001000000000000001000000001000000001111111000000000
000000010000000100000001000000000000000111111111000000011111111111111111
000000000000000011111111000000001111111100000000111111110000000000000001
000000000000000100000010000000010000000100000001000000000000000000000000
000000000000000000000001000000000000000100000010000000000000000011111111
000110100001110000100001000010010000000000001001000100010000110100010000
111111110000000111111111111111110000000111111111000000001111111000000001
111111100000000100000010111111011111111111111101000000000000001000000000
000000011111111111111111000000010000001000000001000000000000000111111111
000000011111111100000001111111111111111111111111000000000000000011111111
111111111111111011111111111110011111100011110111111110111111101111111101
000000000000000000000000000000010000000111111110000000001111111100000010
111101001111100011111101000001001111011011110100000001000000010000001001
111111101111111100000000000000100000000111111111000000010000000111111111
111111110000000011111110111111110000000011111111111111100000000000000001
111001011110111011110011111011111111010011111011111001011111110011101100
000000101111111100000001111111110000000011111110111111110000000111111110
000000010000000100000001000000001111111100000000111111110000001011111111
111111110000000011111111000000000000000000000000000000000000000100000010
000000000000000011111110000000010000000000000010000000000000000000000000
000000010000000000000001000000001111111111111111111111110000000000000001
000100100000111100010010000001001111111111111111000010110000010100001010
111111110000000011111110000000010000000000000000000000001111111000000000
000000001111111111111111000000000000000000000010111111110000001000000000
000000010000000100000010111111111111111100000010111111110000000000000001
000000010000000111111111000000000000000100000010000000010000000000000000
111111101111110000000000000000000000000011111111111111110000000100000000
111111111111111100000001111111110000000111111111000000010000000000000010
111111010000011100001100111011001111111100000001000001000000010100001010
000000000000000111111111111111110000000000000000000000011111111000000001
111111111111111100000000000000010000000000000001111111110000000011111110
000001111110000000110010110000001011111011001110000111110010011100001111
000000010000000100000001000000001111111111111111111111111111111100000001
111111100000000000000001000000010000000111111111111111111111111000000001
000000001111111000000000111111110000001011111110111111101111111000000001
111111111111111000000000000000010000000000000000000000100000000100000000
111111110000000100000001000000000000000100000001000000011111111000000001
000000101111010100001011111011011101111111101110000011011111110000000101
000000011111111000000000111111101111111100000001111111110000000100000000
111110101111111011111110111111001111110000000000000001100000010000000001
111111110000000100000000111111100000001011111111000000001111111000000000
000000000000000100000010111111111111111011111110000000000000000111111111
111111111111111011111111111110111111111011111101000011100000111100001001
111111110000000000000001000000001111111100000001000000011111111111111110
011010000001111000010011111100101110000011001110110001011100110011100000
111111111111111000000001000000000000000100000001111111101111110000000001
000000000000000011111110111111111111111100000001111111111111111111111111
001001000000100011001110000110111111111011000101000100101111001011001001
000000010000001011111111000000010000000100000000000000010000000011111111
000000011111111100000000000000001111111100000000000000101111111100000000
000000010000000111111110000000000000000011111111111111110000000100000000
111111110000000000000000000000001111111111111111000000010000000100000001
111111111111111011111111111111110000000011111111111111110000000111111111
111111010000100000000011111110011111111011111111111101110000010000000010
111111110000000011111101111111110000000100000000000000100000001100000010
000000010000001000000010111110111111101111111011111100111111010111111000
111111111111111111111110000000000000000100000000000000011111111100000000
000000010000000100000001000000000000000000000010000000000000000100000001
000010010000100000000111000000111111110111111110111110001111011111111011
000000011111111000000001111111110000000011111110111111100000000000000001
001011101111111111100110001110001111001111001110010000010001010011011011
000000001111111100000010000000101111111100000001000000100000000111111111
111111111111111100000000111111110000000111111111111111100000000011111110
000000101111000000010010110101111101001111011100001000000010000000011101
000000001111111000000000111111110000000000000000111111101111111100000000
111111110000000100000000000000000000000100000001000000011111111100000000
000000100000000011111111111111110000000111111111000000011111111100000001
000000000000000011111111111111111111111011111111111111110000000011111111
000000010000001011111110000000011111111100000000111111110000000111111111
000001111111111100010000110111101110011111110100111111001111110100000101
111111110000000000000001000000010000000000000010000000011111111100000000
111111111111111100000000111111110000000000000001000010000000000100000010
000000000000000011111111000000000000001000000000000000100000000011111110
000000101111111111111110111111110000000000000000000000010000000100000001
000000001111111000000000000000001111111000000001000011000000101000000110
000000011111111000000001111111110000000111111110111111110000000000000000
001110000000111000011010111010001101110111011101111011101110000111101010
111111110000000000000000111111111111111000000001111111111111111011111111
111111110000000100000010111111101111111111111111111111110000000111111111
110011001101111011111101000010110001101101100100110100011110100000000011
000000101111111100000001111111110000001011111111000000000000001000000010
000000100000001000000001000000000000000000000001111111110000000000000001
000000100000000000000001000000000000000000000001000000010000000100000001
000000100000000100000000111111110000000100000000000000000000000000000001
000000010000000100000010111111100000001011111111111111110000000100000001
111011011110110111110011111111011111101100000010111111010000000000010001
111111100000000100000001111111100000000100000000111111011111111100000010
111111101111111111111110111111011111101011110101111111011111111011111110
000000010000000100000000000000000000000111111111111111101111111011111111
111111110000000100000010000000010000000100000010000000010000000100000001
000000001111111011111110000000010000000111111000111111101111111011111100
000000001111111100000001111111101111111100000000111111111111111111111111
111001011110001111110111111000111101001011101100111000101110001111101001
000000010000000000000000000000001111111011111110000000011111111011111111
000000010000000111111111000000000000000100000010000000101111111111111110
111101110001110100000011111101000000000111111000111101111110101000000000
000000001111111000000001111111111111111100000000000000011111111111111111
000000000000000011111111000000000000000100000001000000101111111100000001
111111110000000000000000000000100000000000000010000000011111111100000000
000000010000000000000000000000001111111000000001000000011111111000000001
111111100000000100000010111111111111111100000000000000000000001011111111
111101111111101011110011000001000000101000001001111111110000001000000100
000000001111111000000000111111110000000100000000000000001111111000000000
111111011111111100000001111111001111110011111100000000000000000100000000
000000000000000011111110000000001111111111111110000000000000000100000000
111111100000000000000000000000001111111000000000000000001111111100000000
111111100000000011111111111110111111101111111010000000101111111111111111
000000011111111011111111000000010000000100000001000000010000000100000010
000000111111011000000101000000111111100000000100111110111111011111111000
111111111111111100000000000000001111111111111111000000000000000100000001
000000011111111111111110111111101111111111111111000000000000000100000000
001001110010001100011011110010001111010011100001000000111101100011101111
111111111111111111111110000000000000000100000001111111110000000011111111
000000000000000000000001000000011111111011111111000000000000000000000000
000000000000001000000000000000010000001000000001111111110000000100000010
000000000000000111111111111111111111111100000000000000000000001011111111
000000000000000100000000000000010000000111111111111111111111111100000001
111111110000001111111100111101000000101100001000000010010001100100001000
000000000000000000000001000000010000000011111111111111100000000000000000
111110001111010011111010000000110000001100000010000001101111110100000010
111111110000000011111110000000100000000100000000000000100000000111111111
111111111111111111111111111111111111111111111111000000010000000000000001
111011111110100011100111000001101111111111111111000001001111010111111000
111111101111110000000000000000001111111011111111111111101111110011111101
000111110010011100110101111110100000100011101111110111001011101111001011
000000001111111111111111000000001111111011111101111111010000001011111111
000000000000000000000000000000011111111100000001000000011111111011111111
000100101111010111111100000100101111001111110111000010101111100011111000
000000000000000111111111000000010000000000000000000000001111111111111111
111111110000000111111111111111100000000111111111000000011111111111111111
111111101111111100000000000000001111111100000000111111100000000000000001
000000001111111100000000111111110000001011111110000000010000000100000000
111111100000000011111110000000010000000011111110000000011111111100000001
000000001111110011111011111111101111111011111110111111110000001011111111
000000001111111100000000000000011111111011111110111111110000000011111111
000000100000000100000000111111101111111011111101111111101111110111111101
000000010000000111111111111111111111111100000001000000001111111111111110
000000010000000100000001000000010000000100000001000000001111111100000001
000000110000001100000001111111101111111111111110111111101111111011111110
000000000000000100000001111111101111111100000000000000001111111000000001
111110000000110111111011111110100000111011110100000000100000111111110101
000000001111111000000000000000011111111100000001000000001111111111111111
111111001111110100000001000000001111111100000010111111100000000000000011
000010111111000000100111000110101101010000010100001000101101000100000101
111111111111111100000011111111110000000000000000000000000000000000000010
111111110000000000000000111111111111111111111111000000010000000111111110
000000010000000011111111000000010000000000000001111111101111111111111111
000000011111111000000011000000001111111000000001000000000000000000000010
111111110000000100000001111111111111111100000001000000010000000100000000
000010101111101011111110000010001111111111111111000001101111010100000000
111111110000000100000000111111011111111000000001111111110000000000000011
000000010000010000000011111101101111100111111000111100111111001011110100
000000010000000000000001111111111111111000000000000000010000000100000000
000000011111111000000000000000010000000000000001000000001111111100000000
000010100000111100010000111101111111101011111101111101111111100011110111
000000100000000100000001000000010000000111111111111111100000000111111111
111111100000001100010010110101011110011100001100110110110001000100101011
000000101111111000000000000000011111111100000000000000011111111111111111
111111110000000000000001000000010000000111111110000000011111111100000001
111100001111000011001001000100011111101100101101000101010010101000001011
111111101111111100000000000000000000000100000001111111111111111100000010
111111110000000011111111000000010000000011111111000000001111111111111111
000000001111111100000001000000000000000011111111000000000000000011111111
111111101111111100000000000000011111111100000000111111111111111111111111
000000000000000000000000000000001111111000000001111111101111111000000001
111101000000000111111001111111101111010011111100000011010000110100011000
000000000000000111111110111111110000000111111111111111110000000000000010
000000110000000100000000000001000000001100000000000011000000111100010011
111111111111111100000000000000001111111100000001000000011111111100000000
111111110000000100000000000000010000000000000000000000000000000111111111
111111100000000011111111111111110000000011111011000011000000110000001110
000000010000000011111111000000111111111100000000000000100000001100000100
111100001101011011101101000011000001010000000010001101110001000100110100
111111110000000100000010000000100000000100000001000000100000000100000011
000000011111110111111101000000010000000000000001000000111111111000000001
001011010000000111011100001011001111001111000101001110010010001111100110
000000100000001000000011111111111111111100000001111111110000000000000010
000000011111111000000010000000000000000011111111111111110000000100000001
111111110000000111111111111111111111111100000010000000000000000111111111
000000011111111111111110000000000000001011111111000000100000001011111111
000000100000000011111111111111100000001011111111000000101111111011111111
111110101111010111110001111100101110110011101011000000001111110100000001
000000011111111011111111000000101111110000000010111111100000000000000000
000001000000010000000101111110111111101011111010111100111110111111110010
000000010000000011111111111111110000000000000000000000001111111111111111
111111111111111111111111000000010000000011111111000000101111111111111111
000100010001010100010101111110001111110111111110111011111111001111110101
000000010000000000000000000000011111111000000001000000011111111100000000
001100110000101100001011000001001110110111100111000010011111100011111100
000000100000001100000010000000100000001000000011111111100000000000000001
111111111111111111111111000000001111111011111111111111111111110100000001
000110100000011100000111111001110000101011100111111110111101001011110100
111111010000000011111111000000000000000011111111111111101111111100000001
111111110000000000000001000000000000000011111111000000000000000011111111
000000010000000000000001111111110000000100000001000000010000000100000000
111111111111111100000001111111111111111100000000111111101111111100000001
111111110000001000000001111111110000000000000001111111110000000100000001
111111100000000100001111000100000000000011110101000110100001010100011111
000000011111111100000001000000010000000000000000111111110000000011111111
000000001111111011111100111111101111101011111100000100100001001000010011
000000000000000011111111000000000000000100000000000000001111111000000000
111111101111111111111110000000010000000100000000111111111111111000000000
111111101111100011110101111101011110110111101100000100010000110100010000
000000001111111000000000111111100000000111111111000000011111111100000010
111100001110101011100010111110101110110011111101000000110000011100011010
000000000000000011111111000000000000000011111110111111011111111100000000
000000000000001011111110000000110000001011111101000000110000000111111111
111000001111110000101100110000101110100101000001110000101110100000101111
000000010000000011111111000000100000000000000000000000010000000000000001
000000011111111100000001111111110000000100000000000000101111111100000000
111111110000000100000010111111111111111100000000000000010000000011111111
111111110000001000000000111111110000000111111111000000000000000100000010
000000011111111100000000000000010000000000000000000000010000000100000001
111110000000010111111111000000001111110111110010000001000000101111111100
000000111111110111111011000001000000000111111101000001000000001011111101
000000011111111000000011111011101111000111110011111100101110111111110100
111111100000000000000000000000000000000100000000000000011111111100000000
000000001111111100000010111111110000000111111111111111110000000100000001
000011010000100100010101111100001111000111111010111100011111001011111001
000000011111111111111110111111100000000011111110111111111111110100000001
000100111111001000000010001001011101100111100000001010101110111111101001
111111110000001011111110000000001111111100000001111111111111111100000001
000000000000000111111111111111111111111100000000111111101111111100000001
001001101110011011110011000101111110000111011110111001101111110111101101
000000010000000111111111000000000000000000000000111111110000000111111111
000000001111111000000001111111100000000011111111111111110000000100000001
111111100000000111111111111111110000000000000001111111110000000111111110
000000010000000000000001000000010000000100000001111111110000000111111111
111111111111111100000001111111100000000100000001111111111111111100000010
111101001111010111111000111100110000000011110000000100100000110011101010
111111100000000111111110000000001111111111111111000000010000000111111111
000000011111111111111110111110011111010011111011111111001111111011111101
111111110000000100000001000000011111111000000000111111110000000000000001
111111110000000000000010111111100000000000000010000000001111111100000001
000001100000010100000001111110101111010111111011111111011111101011111100
000000001111111011111111111111011111110111111110111111111111110111111111
111011100010001111110111000101100010010011011010001010000000110011011011
000000000000000011111110111111011111111111111111111111101111111100000000
000000001111111000000000000000000000000111111111000000000000000011111111
111111110000000011111110111111101111111111111110000000010000001000000010
000000000000000011111111111111101111111100000000000000010000000011111111
111111111111111011111111000000010000000000000000000000000000000000000000
000000001111111100000001000000001111111100000001000000010000000011111111
000000010000000100000000111111110000000000000010000000000000001000000000
000000101111111111111111000000001111111100000010000000011111111100000000
000000011111111011111110111111111111111011111111000000000000000000000001
111111111111111111111111000000000000000100000001000000000000000100000000
111111110000000000000000111111100000000100000001000000010000000011111111
000000100000000000000001111111110000000100000001111111100000000000000001
000000010000000000000000000000010000000000000001111111110000000000000010
000000010000000100000000000000000000000000000001000000010000001000000001
000000010000000000000000000000010000000100000001000000011111111100000001
111111011111111011111110111111111111111100000001000000010000000011111111
111111110000000011111111000000010000000111111111000000011111111000000000
111111110000000100000010111111110000000000000011111111100000000011111111
110100001101100011011101000101000010100000001011111100000000000111010111
000000000000000100000010111111110000000100000000000000010000000100000001
111111111111111100000000000000001111111100000000000000010000000000000000
000000011111111000000000000000000000000011111111000000001111111000000000
000000011111111100000000000000000000000111111111111111111111111100000001
111111111111111111111111000000101111111100000000000000000000000000000010
111100001110110011110011000011110000010000001010111110111111010111111011
111111110000000000000000000000010000001000000001000000000000000000000010
111111101111111100000000111111001111110111111000111111001111101011111001
111111101111111100000000000000000000001000000000111111111111111111111111
000000000000000100000000000000000000000011111111000000001111111111111111
111111010000000011111111000011010001000000001101000000010000100000000001
000000011111111011111111111111110000000011111111000000000000000100000000
110100111110011011100110111110110010000000111101110011000000011001001000
000000100000000111111110111111101111111100000000111111110000000011111110
000000000000000100000001000000001111111100000001111111110000000100000010
000010100000110111101110000111000000101011011000000110100000101011011000
000000001111111111111111111111111111111111111111000000010000000000000000
111111111111111000000000000000010000000111111111111111111111111100000010
000000000000000100000001111111110000000100000001000000000000000011111110
000000000000000100000001111111111111111111111111111111110000000000000000
111111110000000100000001000000000000000100000001111111100000000000000001
111110011110110111110001111101111111010011101101111111111111111011111011
111111111111111100000000000000000000000000000000111111101111111100000001
111111110000010000000010111110011111101011110111111101011111011011110101
111111110000000100000010000000000000000100000010111111110000000100000000
000000000000000100000010111111110000000100000000111111110000000000000010
000010000000111100001111111110001111111011111111111101111111101011110111
111111110000000011111110000000011111111011111111000000001111111000000000
111110001111001000100010110101111111000100101100110110101111111000110001
111111111111111111111111111111111111111011111110111111010000000111111111
000000110000000111111111000000100000001111111111000000011111111111111110
001000001110001010110101010101010010111000000001111110111110010111001111
000000010000000000000000000000010000000011111111000000100000000111111111
000000011111111100000000111111110000000111111111111111111111111100000000
111111110000000100000000000000001111111111111111111111110000000000000000
111111110000000100000000000000000000000100000001111111100000000000000010
000000100000001000000000000000101111111100000000000000011111111100000000
111000001110000111011111111111110000110100001011111111100000011111101101
000000110000000011111111000000000000000100000000000000001111111100000000
111111111111111011111111111100101110101011101100111110011111101111111011
000000001111111011111111000000000000001000000001000000010000000011111111
111111110000000000000000000000011111111100000000000000001111111100000000
000001100000010100000110111110011111000111110101000000010000001000000010
000000100000000000000000000000011111110111111101000000011111111000000000
110111011111101100000111110100110001011100011101110100110000110100010001
000000010000000100000000111111101111111100000000000000010000000100000000
000000000000000000000000111111111111111011111111111111110000000000000000
111111101111111111111110111111110000000011111111111111110000000011111110
111111101111111100000001000000000000000011111110111111111111111000000000
111111101111111100000001111111110000000000000000000000100000000000000001
111111100000000111111111000000011111111000000001000000100000000000000001
111111100000000000000001111111110000000011111111111111100000000000000000
000000010000000100000000000000000000000000000001000000101111111111111111
111111101111110011111111111111011111110111111110000001010000010000000101
000000010000000100000000111111100000000000000001111111111111111000000001
000000000000000000000010000000011111111100000010000000001111111100000000
000000100000000000000001000000010000000100000000000000001111111000000000
000000000000000111111111000000101111111100000010000000010000000000000000
000000000000000100000010111111111111111100000001111111110000000111111110
000000000000000000000000000000010000000000000001111111100000000100000001
111111101111111011111110111111111111111100000000000000010000000100000001
111111100000000100000000000000000000000100000001111111110000000100000000
111111110000000011111110000000100000001000000000111111110000001100000010
111110011110001111100100111100101111001000000100000101000000101111111110
111111111111111111111111111111110000000100000001000000101111111100000000
000000100000000000000001000000010000000000000001000000011111111000000010
000000000000000111111111111111100000000100000000000000011111111100000000
000000000000000011111111000000010000001000000001111111110000000000000000
000000011111111100000000000000000000000011111111000000011111111100000000
111111110000000000000101000111010001001100010001111111101111011111110111
000000000000000011111110000000010000000000000001000000010000001000000000
000000000000000011111110111111111111110100000000111110011111110011111101
111111111111111111111110000000010000000111111111111111110000000100000000
111111110000000100000001111111100000000000000001111111111111111111111111
111110111111101111111101111111011111111011111111111101101111100111111001
000000010000000100000010000000000000000000000010000000010000000100000000
111001001101111011101100001000000000111100100011000100101111110000110110
111111110000000000000001000000000000000100000001000000010000001000000000
000000100000000111111111000000100000000100000000111111111111111111111110
000101111110110010111010010001010011000000001011111000111110000111010100
111111100000000111111111000000011111111111111111000000100000000011111110
000000000000000000000000111111110000000011111110000000010000000000000000
000000100000001000000000000000011111111100000000000000000000000000000000
000000010000001000000001000000000000000000000000111111100000000100000001
000000011111111000000000000000100000000011111111000000000000000011111111
111010011110010011101100000010010001100100011010111111000000010111110100
000000101111111111111111000000000000001011111111000000000000000000000001
111111111111111000000000111100111110110011101110111111011111110011111110
000000010000000011111111000000001111111000000000000000000000000111111111
000000101111111100000000000000010000000000000000000000011111111100000000
111111110000000100000001111101101111000011110011000000000000000000000010
000000001111111100000000111111111111111011111111111111111111111111111110
110100111111010000010000110110100000101100101101110011001111011100001010
000000001111111100000000111111111111111000000001000000101111111000000001
000000000000000000000000111111110000000111111111000000010000000100000000
000100001111111011000010001000110000010100101101001100100010111000011100
000000011111111011111111111111100000000111111110000000100000000100000001
000000010000000011111110000000011111111100000001111111111111111100000001
000000010000000100000000000000101111111100000000111111110000000111111111
000000100000001011111111111111111111111100000000000000011111111111111111
111111110000000000000001111111111111111111111111111111100000000011111111
111011101111111011110000111011101110011111110010111100001111010000001001
111111111111111111111110000000000000000000000001111111110000000111111110
000000110000001011111111000001100000010000000010000101010001110000011010
111111111111111111111111111111110000000111111111000000000000000111111110
111111110000000000000000111111110000000011111111111111110000000011111111
111111101111111011111101111111001111110011110111000101110001100100010111
000000100000000111111111000000010000001000000000000001000000001000000001
111011011110000010110000000110110000110111011101001110110010100100000011
000000010000010000000001000000010000000011111111000001010000000100000100
111111100000000011111111111111111111111100000001111111111111111100000001
001000100001111000101001000101111111100111111101101110101100010111000111
111111110000000100000000000000011111111000000000111111110000000111111110
000000000000000100000000000000100000000100000001000000011111111100000001
000000010000000011111111000000100000000011111111000000011111111000000000
000000011111111100000000000000011111111100000010111111111111111111111111
111111110000000000000001000000000000000000000010000000100000000100000001
000101110000100000011000111011011110011111100111110110011101100111011011
111111111111111100000001000000010000000111111111000000011111111000000001
000001010000010100000101000110010010011000100101000000000000000000000001
000000100000000100000001000000101111111100000010111111110000001011111111
000000001111111000000000111111110000000000000010000000101111111100000000
000001110000010100000010000111110010011000100101111110111111011011111010
111111100000000100000001000001000000010100000110000000010000000111111111
000101100001001100001000000100000001111100011101110010111011010110111111
111111111111111111111111000001010000001100000110000000001111111111111111
111111110000000000000000000000000000000011111110111111111111111100000000
001100100010001111111010110110011101100111100011111100101111111100101000
000000010000000000000010000000010000000000000001000000011111111100000000
000000000000000100000010000000011111111011111110000000011111111111111111
000000000000000100000000000000001111111011111111000000001111111111111110
111111100000000011111110111111110000000000000001000000011111111100000001
000000011111111111111111111111110000000100000000000000010000000100000001
000000110000011011111010111010000000001111111101111100110000111000000001
000000011111111111111111111111111111111100000001000000010000000111111111
111111111111110011111111111111011111011111111010000000011111111111111111
111111111111111100000000111111110000001000000010000000011111111100000001
000000010000000000000000111111111111111000000000000000010000000000000000
111111101111111011111101111110111111011111111100000001010000001000000100
111111101111111011111101111111101111111111111101000000001111111111111110
000011100010101101000101110111011111001011101011111010111110000011001111
000000001111111000000000111111111111111111111111000000001111111000000001
000000000000001000000010111111010000001000000011111111101111111000000000
110010101111100001000110101111001111001101000101101100101111001100110110
000000010000001100000010000000100000000000000011000000110000000100000011
000000010000000100000000111111110000000000000001000000010000001000000000
000000101111111100000001000000000000000000000000000000000000000100000000
000000010000000100000000000000001111111100000001111111100000000100000000
000000000000000100000001000000010000000100000000000000011111111100000000
000001011111111011111110000010100000010011100101000000110000001011110010
111111100000000100000010111111110000001000000101111110110000000011111110
000000001111110100000100111100111110110011110100111011111110101011110001
000000010000000111111111000000000000000000000010000000100000000100000001
000000011111111100000000000000010000000000000000111111111111111100000010
000011110000110000011101111110111111010100000100111110011111010011111100
111111111111111111111111111111111111110111111111111111101111110111111110
110101101111001100111001110011001101110000110001110111001111001001001100
111111111111111111111111000000000000000000000010000000000000000011111101
111111101111110111111111000000001111111111111111111111111111111000000001
111011011110010011011100111101010000010100011000000011010000000011111010
111111111111111111111111111111101111111000000000111111111111111100000001
000000000000000011111110111111111111111111111111111111101111111011111111
000000000000000011111111111111110000000000000001000000010000000100000000
111111101111111011111111000000011111111100000000000000010000000011111111
000000010000000000000000000000001111111000000010000000011111111011111111
111111010000010000001000111110001110110111111101000100110000010000000010
000000010000000000000010111111110000000011111111000000000000000011111110
000000011111110100000000111110011111010111111010000111100001101100011100
111111110000000000000001000000100000000000000010000000010000000011111111
111111110000000111111111000000000000000011111110000000010000000011111111
000000011111110011111001111011111110011011100110000111100001011000011011
111111110000000111111111000000001111111011111111000000000000000000000001
111101011110100011100111111000101110011111100101001001110010100000110010
111111101111111011111111111111100000000000000000111111100000000011111111
