0.009915284 -0.0034859297 0.007967402 -0.002451306 -0.01560572 0.001903237 -0.002316922 0.012059347 -0.013664318 
0.31714156 0.33083147 0.3625525 0.17357567 0.12737854 0.061760176 -0.6363921 -0.47876197 -0.57262677 
-0.013779126 0.009286903 -0.002768777 -0.007918695 -0.009167479 -0.0006075359 -0.0023251872 0.010749639 0.008740776 
-0.009212447 0.00045442762 0.010039138 -0.012040095 0.009664631 -0.0022958368 0.004183785 0.005970129 0.0044806628 
0.011654961 0.0123681035 0.01291315 0.008123776 -0.0005065482 -0.011548893 -0.013938773 -0.0018354151 -0.00648701 
0.009067226 0.0055019334 -0.00481876 0.006955065 -0.0098179905 0.0036430238 -0.003192771 -0.0041284254 0.0044207256 
0.0010711076 -0.008051844 -0.009864241 4.873986e-05 -0.0065213284 -0.0006286819 0.009627803 0.00898456 0.010908346 
-0.093547985 -0.15851282 -0.10802664 0.13579679 0.010847183 -0.03478888 -0.47622526 -0.47908133 -0.4440217 
0.003373279 0.0052861655 0.0030258296 0.009731003 -0.0103403125 -0.012466559 -0.012274959 -0.008750745 -0.0032354638 
0.081003204 0.07086032 0.055315614 0.24775355 0.38873288 0.36098066 0.025301466 0.03269345 0.028585231 
0.001255554 0.0066365944 -0.002494535 0.0091863135 -0.011534898 0.006201708 0.0025121798 0.0056619416 -0.0014086592 
-0.01204751 -0.00905381 -0.014110652 0.0015179107 0.01369161 -0.010745596 -0.005566215 0.007903892 -0.008164711 
0.13554487 0.109455146 0.11578673 0.3200077 0.41039008 0.39734918 0.004874596 -0.001461045 0.0038485928 
-0.010636722 0.00094893883 0.017591873 0.02108416 0.0685108 0.065219045 0.009393953 -0.0038792172 0.005135213 
0.0015326684 0.120564744 0.08791313 0.422647 0.39370504 0.4491698 -0.52290857 -0.58397037 -0.6190672 
-0.014144093 0.002461772 -0.0039237416 0.068363294 0.055277012 0.032122344 -0.0036041536 -0.0019112179 -0.008476607 
-0.010778069 0.007573372 -0.00085730123 -0.0018536125 0.015810492 0.012312872 -0.0007398247 -0.01135328 0.009618094 
0.073189296 -0.18598582 0.004276703 0.124588 0.08735997 -0.03744123 0.12957291 -0.06805671 0.43593425 
0.00074971275 0.011668117 0.0074967593 0.0052053635 -0.005810653 0.013179816 0.0024254413 -0.007140577 -0.0068209334 
0.009227267 -0.0026693959 -0.009968052 0.005484944 -0.0064677224 0.01215841 0.010739805 -0.013268364 -0.0110405525 
0.00031911107 0.0034404974 0.0036491817 0.01419474 0.007356195 -0.007563516 0.013319433 -0.010931751 0.0017478159 
-0.0068549067 -0.010643194 0.0050321342 0.008697126 0.0028162026 -0.0026907586 -0.0039430847 0.0025843084 0.008329695 
-0.002361579 0.008197309 -0.008276229 0.012363029 -0.0093396595 0.0054837004 0.004495275 -0.008662251 -0.0077999453 
-0.05475763 -0.14063536 -0.26491648 0.22629818 0.17140473 0.08960316 -0.025552485 0.08051497 0.013695919 
0.0015971066 -0.009797178 -0.0046562883 -0.014660825 0.0018449279 -0.005730797 0.0043793307 -0.014247913 -0.008741355 
0.015444939 0.0056756292 0.0021339387 0.00051154307 -0.0020200976 0.018784106 0.046363186 0.050952874 0.06248005 
-0.009114904 -0.013615268 -0.0032301554 0.007157776 -0.0010733133 0.0040109945 0.013036462 -0.01351226 -0.0066451007 
-0.01317309 0.012688869 -0.010886414 0.0058838665 -0.0009242529 0.010442879 0.0028043808 0.0065087075 0.014139932 
-0.018861989 -0.015809663 -0.03285044 -0.017572287 0.002510386 0.0008236221 0.027493196 0.030600931 0.052560486 
0.011596219 -0.0057124756 -0.0129917525 -0.002528921 -0.01138506 -0.0024831172 -0.00054759666 0.0140163805 -0.007652963 
-0.2266691 -0.4205199 -0.4286646 0.31844226 0.026416557 0.17821902 0.30460754 0.12660755 0.008520717 
0.0023353854 0.010002012 0.008841615 0.013917675 -0.0011393096 0.009711329 0.0011424774 -0.001088041 0.0008596277 
-0.005477589 -0.02002398 0.0015462007 -0.0044476953 -0.01667648 -0.009657272 -0.011616188 0.013033235 0.010208659 
-0.23852374 -0.11400871 0.38216838 -0.32225728 -0.25004393 0.26624653 -0.22650822 -0.24051557 -0.14284047 
0.020550651 -0.012377241 0.0014253226 0.011950496 -0.0066762473 -0.012150656 0.01660049 0.005161137 0.0031915714 
0.011603392 0.005806117 0.009751584 0.013863954 0.007662018 -0.00743616 0.0072931205 0.0061856015 0.0029462194 
-0.002866746 0.012938357 -0.00180455 -0.013488324 -0.0021016572 -0.011976023 0.001548183 0.009838532 0.009396318 
-0.0023488647 0.005534046 0.010374324 0.010466711 -0.00031953826 -0.009460432 0.01182765 0.00077632745 -0.0140099395 
-0.0056702625 0.012808301 -0.014129949 0.011052534 0.0058258427 -0.0007156431 0.0066910177 -0.0014901634 -0.009261227 
-0.12125064 -0.0388379 -0.065155685 -0.090417944 -0.05928677 0.05149949 -0.0021638644 -0.049438845 0.06421412 
0.012560647 -0.004824202 -0.0019240453 -0.008600648 0.0011838827 0.0005544649 0.003719258 0.0036116838 0.0038003384 
-0.014133707 -0.00017773003 0.015983038 -0.09535575 -0.08261368 -0.06399224 -0.05956073 -0.08116325 -0.058976587 
0.005129132 -0.007029115 0.0024831619 -0.012717187 -0.009248743 -0.009115567 0.0055677285 0.013281771 -0.0008690227 
0.00749448 0.0075490125 0.006141662 -0.008782987 0.007257174 0.0067524514 -0.007866017 0.0001653423 0.0032347436 
0.08107512 0.026435059 0.07758841 -0.06818956 -0.070121355 -0.039851144 -0.040835317 -0.06297325 -0.047072165 
-0.019970091 -0.0003713144 -0.014958825 -0.02845442 -0.020578457 0.0070327977 -0.020837516 -0.0011866548 -0.0048230756 
0.2543071 -0.17392644 -0.23159604 0.48824707 -0.16680142 -0.3816421 0.4255702 0.019215517 -0.24203809 
0.0059757205 -0.005454459 -0.018443862 0.005702698 -0.009480948 -0.0076301135 0.013913424 0.010692988 -0.01404987 
-0.0021425511 0.019096587 -0.0026512034 0.00586459 0.030711126 0.0114621585 0.016773123 0.029055394 0.025846392 
0.3180279 -0.1897682 0.23541461 0.10431091 -0.40762064 0.20727359 0.043272007 -0.5598549 0.21812694 
0.019262327 0.010372478 -0.0074894573 0.028024746 0.0044338033 0.0069965785 0.008233886 0.017625755 0.021381004 
0.0021870043 0.016841816 0.016622663 0.018253524 0.014057173 0.009387904 0.017025866 -0.0057784007 0.012319817 
-0.006096128 -0.011115159 -0.0022782115 0.010080778 -0.0067795306 -0.012253084 -0.012125319 0.0023078935 -0.005359916 
0.022527156 0.009531536 0.024698935 0.011770764 0.015889892 0.009343659 0.021905575 -0.006763733 0.015712589 
-0.008417698 -0.0072008823 0.0002618776 -0.0050586024 -0.006223726 0.0039911577 0.00122794 -0.0029170928 0.010242821 
0.10428474 0.06735529 0.031531103 0.057925377 0.047282893 0.011709882 -0.06834248 0.00046842778 -0.005593433 
-0.007865049 0.010340923 -0.02274679 0.01605503 0.015607167 -0.013407613 0.016821668 0.02704132 0.0264375 
0.018821636 0.0114019895 0.011096591 -0.08535792 -0.080176815 -0.06554988 -0.048301544 -0.08164323 -0.08991345 
0.001302066 -0.0047638044 0.010482072 0.005759849 0.009373476 0.012638417 0.0049692877 -0.008132555 0.002378323 
0.011352474 -0.0053589833 0.018509507 -0.0004782854 -0.006727885 0.00071420864 0.0042727157 0.0077479547 -0.0051312 
0.0814398 0.046541024 0.06955493 -0.08386024 -0.11617339 -0.07777351 -0.043021124 -0.0891869 -0.08166419 
0.01765393 -0.00573926 0.006003419 -0.0070480304 -0.0057496084 -0.0009462995 -0.008906414 0.00558202 0.0049961735 
0.25683495 -0.013747392 0.29248562 -0.0012444002 -0.38464692 -0.12474661 0.27624184 -0.10957337 0.0421167 
0.002174759 0.0012801322 0.007157265 0.0057537877 0.018443333 0.009647705 0.010183681 0.006926708 0.0065833163 
0.0043735593 0.0009858791 0.00011938454 0.008353362 -0.010685462 -0.010256829 0.011849257 0.0095879035 -0.008473742 
0.111496985 -0.26422378 -0.3931172 0.22400485 -0.12470869 -0.25833306 0.10726802 -0.17480789 -0.31481305 
-0.014287499 0.011231719 0.0073671276 0.0069824713 0.0100470865 -0.014744421 0.0024026406 0.0060813148 -0.000948327 
-0.009221686 0.0076973746 -0.012682352 0.007944861 -0.0019635016 -0.0014029148 -0.009410921 0.011910225 0.0028258034 
-0.0098918425 -0.013572665 -0.0074748546 -7.2477385e-05 -0.012480309 -0.01117767 0.013437005 -0.01246 0.0056004664 
0.00082958944 -0.008030974 0.008259853 -0.0047015776 0.010863503 -0.0068750903 -0.0044175284 -0.006405826 0.0064701173 
-0.0016025862 0.0060676364 1.5154035e-05 -0.011613591 -0.00166241 -0.0057463446 -0.0045614704 0.012924586 -0.00031009287 
-0.031651653 -0.0028525866 -0.074754864 0.070483424 0.04817653 0.037444346 -0.07386992 -0.012646549 0.043316115 
-0.011339067 0.013134325 -0.008858545 0.0070045837 -0.010226277 -0.0016448937 -0.008695547 0.004261244 0.0076349624 
-0.00860551 0.0011257479 -0.0072781364 -0.035111845 -0.04628179 -0.01538699 -0.04027159 -0.04124902 -0.042338736 
0.001095241 0.00085045747 -0.00093282876 -0.011696783 0.0013635501 -0.011484281 0.012985767 0.013665929 0.009827477 
0.005812158 0.0072389715 -0.006457821 -0.010392019 0.00086211535 -0.0027844717 0.010404201 -0.0053149876 -0.0040152757 
-0.0075854287 -0.024298428 -0.019467758 0.05392515 0.050824583 0.0478838 0.019671502 -0.012237407 0.023082228 
-0.005315439 0.00027096295 -0.0033263515 0.005391407 -0.010749516 -0.009144203 0.00083259534 -0.01665714 -0.002374447 
0.1917619 -0.3165394 -0.45861268 0.62711805 0.1557547 -0.021429885 0.34580818 0.071280256 -0.14289501 
-0.00850394 -0.013110822 -0.012126561 -0.015895586 0.0011927324 -0.00041056355 -0.0008721627 -0.0056951093 -0.0151844 
0.00083324633 -0.006433442 -0.005741344 -0.012070225 -0.008685539 -0.012293448 0.0005426099 0.0055056177 0.008742372 
-0.05179566 -0.2050505 -0.19991264 -0.14325592 -0.038692612 0.041159075 -0.019525802 -0.093070194 -0.05096845 
0.01143472 -0.005310391 0.00764002 0.0031177928 0.012121249 0.0077580228 0.003425118 -0.01264846 0.002679002 
0.008026377 0.004004218 0.0049407757 0.0031883486 0.006174923 -0.009380554 0.007191403 -0.0056723705 -0.009811906 
0.0026875006 -0.0032888013 -0.01115383 -0.0021489796 -0.008235736 -0.0020948974 -0.01167596 -0.0023729382 0.0065768217 
0.0036095842 0.011060576 0.012181582 0.004705755 0.008971436 0.0043457933 0.0001857591 -0.0019069031 -0.00039080242 
-0.00043134124 0.0024828322 0.008402255 0.00082941283 0.004005679 0.014123236 0.0025629348 -0.0022190642 -0.011407527 
0.20324695 0.21774624 0.26067486 0.06800004 -0.0014893691 0.069624186 0.13611947 0.1027711 0.12808977 
-0.0055953865 0.0073587177 -0.00645451 -0.0065102554 0.009986773 -0.0105503835 -0.0012671252 -0.013782875 0.0078121796 
-0.012050543 0.009550108 0.013385082 -0.023204112 -0.008429325 -0.01998511 0.0021793179 0.018211087 -0.001988482 
0.0070822886 -0.008723525 -0.009563355 0.006180675 0.01398187 0.0057743383 -0.002833416 0.0077723856 -0.011031697 
0.0052323737 -0.007234803 0.008322955 -0.004855845 -0.007019549 -0.005522636 0.0005448096 -0.0013882502 -0.008252678 
-0.011500376 -0.015552261 -0.007803201 -0.051657867 -0.062123936 -0.06844343 -0.037085865 -0.037027914 -0.020125702 
0.0014781588 -0.00083435926 0.0010962124 0.0046200994 0.004511685 -0.013649996 0.0036719218 -0.0053195124 0.013732726 
-0.090821244 -0.06305316 -0.026533984 0.029965242 -0.07924163 -0.09642033 0.027850693 0.034443777 0.0706878 
-0.012346618 -0.0045951516 -3.6133635e-05 0.015028321 0.0065286485 -0.007935038 0.0054284222 0.008397023 -0.010098308 
-0.0077658566 0.0026426383 -0.012545547 -0.011315525 0.0031694022 -0.011511197 -0.012681787 0.002114765 0.006471207 
-0.20712492 -0.13915218 -0.09864353 -0.13614511 -0.09030142 -0.039873127 -0.20920373 -0.034094367 -0.15479492 
0.012322328 -0.006526302 0.007813924 -0.010581454 -0.00030898742 -0.013418962 -0.0069550104 0.008883452 -0.012893857 
0.0048854803 0.010250634 0.009846779 -0.00064791396 -0.010667518 -0.00020529283 -0.0050678607 0.011950763 -0.0057753245 
-0.0058537577 0.002288503 -0.011458264 -0.00156402 0.0026077456 -0.0017064313 -0.0031344292 0.010836653 0.013233305 
-0.0010072403 -0.0009664633 -0.014178349 0.00667558 0.000900208 0.013292529 0.0034589414 4.2874268e-05 -0.0023648944 
0.006710318 -0.0024976076 0.0068821996 -0.00056343933 -0.004363429 -0.0089984555 -0.007089462 0.0032909354 0.00929794 
0.14245152 0.118224174 0.13923469 0.033426378 -0.010905096 -0.008251329 0.08606968 0.03775535 0.07841296 
-0.010689126 -2.8315164e-05 -0.0118511645 0.008562642 0.0033106937 0.0020815923 -0.002094931 -0.015191129 0.0025006644 
-0.0036996072 -0.0074091367 -0.009131101 -0.0035257498 -0.0029089665 0.018250696 -0.007826505 0.016018804 -0.0010532357 
0.00864331 0.004777018 0.012383988 -0.009832627 -0.004431656 0.012829395 -0.0075210207 -0.0006226627 0.0068782265 
0.008316532 0.008299027 -0.005947203 -0.0037154465 0.008241445 0.013559089 0.008936327 0.0030132781 -0.0021540045 
-0.012597345 -0.027564293 0.0029437027 0.0016678678 -0.003279533 -0.010583259 -0.0061895507 0.009042302 -0.0007266834 
-0.0046992954 -0.0058207926 0.011673704 -0.008700301 0.006209624 -0.0069730603 0.011346605 0.00081576593 0.012243166 
-0.026885178 0.05700986 0.09620335 -0.15994409 -0.0115552135 0.007158479 0.029630749 0.03630977 0.079307124 
0.0015806677 0.009872974 -0.0070580905 -0.006316371 0.0012544009 -0.000103500905 0.0051741716 -0.013788807 0.0046824496 
-0.009925041 -0.010692438 -0.0021580057 0.0069104913 -0.0003652586 0.0045504086 -0.009046792 0.002058872 -0.016005812 
0.055386048 -0.25167072 0.3911654 -0.49617416 -0.5143688 -0.38743392 0.24416736 0.30460092 0.11395803 
0.010910417 0.011249375 0.0041595553 0.0023794314 -0.00484626 -0.0073391846 -0.0072165886 -0.003981444 0.010383165 
-0.013886718 0.0026960124 0.0111543555 0.006615757 0.00949825 -0.0053084423 -0.00877542 -0.012832763 0.004932164 
-0.0013972144 -0.0129211 0.0035019782 -0.010763897 0.013179448 -0.013850102 -0.0127861835 -0.012822333 0.0052048187 
-0.010974208 -0.013971758 -0.0009843964 0.0066641765 -0.0006465343 -0.002726347 0.01201175 0.008741427 0.0014309456 
-0.009800675 0.005691148 0.0070124557 0.0031589663 0.0049643964 0.0064277817 0.011003568 -0.014297032 0.0111036645 
0.018938331 -0.082695045 0.087529935 -0.14501496 -0.25888833 -0.13949524 0.09882273 -0.028208015 0.041899227 
0.0066988477 -0.013147818 -0.0027382546 -0.013023351 -0.007971526 0.008473043 -0.004571955 0.0060963123 -0.00072849356 
-0.050531246 -0.011874779 -0.016641678 -0.03461874 -0.029861309 -0.0012272255 0.04432595 0.030915074 0.006456243 
-0.0055799237 0.0051878523 0.0028678528 -0.01262884 0.013333199 -0.0076985713 0.00024449418 -0.012019172 -0.0037450287 
-0.003276094 0.007134339 0.013600393 -0.009540323 -0.013971348 -0.012814578 0.0022629623 0.010806292 -0.0050567063 
-0.008410026 -0.016245808 -0.011509516 -0.03753713 -0.01935054 -0.024670295 0.11161986 0.12016163 0.070507556 
-0.008182534 0.0023967964 0.008169097 -0.00041372987 -0.0060133133 0.009540013 0.0059146257 -0.003932835 -0.013584986 
0.8105817 0.23047471 0.14464796 -0.109757684 -0.25302634 -0.38802493 -0.46096584 -0.40776268 -0.24630353 
-0.0076709557 -0.012706095 0.006825092 -0.0017255364 0.0096862875 0.009401021 -0.018599132 -0.030213369 0.004886024 
0.0018495804 -0.0004863884 -0.017797248 -0.005619566 -0.0044448865 0.009700734 -0.0116816545 -0.0074079037 -0.007930868 
0.27962264 0.05944083 -0.39164782 0.21384428 -0.013580074 -0.46351445 0.13693707 -0.10569154 -0.43094736 
0.010535648 0.019451225 -0.0065295296 0.011155322 0.007897743 -0.002822571 0.009452717 0.002284549 -0.007893184 
0.011293805 -0.008199668 0.0019902838 -0.0029006838 -0.0053632427 -0.000768274 0.0128001105 -0.007223979 -0.0023577942 
0.009582075 0.009483333 -0.012144977 -0.0029189624 -0.002468796 -0.01046688 -0.0066575683 0.008037428 -0.0010711619 
-0.005244651 -0.0031568971 -0.0035174119 -0.0009389079 -0.009456493 -0.008823256 0.010166895 0.007988243 0.01031967 
-0.004514669 -0.012711283 -0.0073864497 -0.0078254845 -0.0026448793 -0.0053688767 -0.005121952 0.011040292 -0.008478511 
-0.022222204 0.06560702 0.022717368 -0.055926602 -0.012135385 -0.0060960487 -0.067024656 0.029951656 0.0181172 
-0.009122278 -0.0020546338 -0.024787761 -0.007852181 0.010425446 5.4246957e-05 0.016471945 0.019707305 0.012208709 
0.0089532025 0.019486615 0.01641006 -0.036520284 -0.04215626 -0.035501733 -0.10014398 -0.088182606 -0.066099934 
-0.0088171 -0.010784209 -0.013242262 0.002703549 0.00878853 -0.0021631962 0.011364359 -0.0062664365 -0.0032833524 
0.009279296 0.00882708 0.0076597445 -0.0030847238 0.0008614945 0.011748907 -0.0038445676 0.0102735665 0.0095893005 
0.0730953 0.06271364 0.05476339 0.020826044 -0.025756663 -0.0185395 -0.06255697 -0.067308635 -0.036938272 
0.010818639 -0.011828315 0.011236964 -0.011280927 -7.964707e-05 -0.013477529 -0.013191381 -0.003071007 0.008454711 
0.35724366 -0.008785197 -0.20536083 0.44017085 -0.10329358 -0.39391038 0.5109486 0.15895075 -0.28973252 
-0.0019223235 -0.0086913295 0.0123410355 0.012070132 -0.006319903 0.006040817 0.013265262 0.0115475925 -0.006802193 
-0.008913793 -0.008063248 0.0035975284 -0.004262965 0.005677901 -0.009860062 -0.016502894 -0.002582313 -0.012489839 
0.013425197 -0.12549731 0.1417887 -0.31983444 -0.3549589 -0.2812781 0.24671598 0.25343457 0.22618341 
0.003696542 -0.015170091 -0.0022873834 -0.009929372 -0.0012161214 -0.001217321 -0.014487316 -0.007141202 -0.00274385 
-0.004661045 0.01036544 -0.0015853458 0.0026692846 0.01075354 0.004974088 0.0058501833 -0.0043599484 -0.0025384864 
0.013712926 0.002519265 -0.007417626 -0.010973208 0.005573804 -0.010758468 0.009394187 -0.004924651 0.006865499 
-0.003078936 0.000105890605 -0.010904899 -0.008917469 -0.014074649 -0.009200752 -0.0060973484 0.0015635492 -0.0066060657 
0.007661772 0.0137738325 -0.01401675 0.0087390635 -0.0077122394 0.003375987 -0.0064800866 0.010613468 -0.0057759797 
0.05807299 -0.008595721 0.12464419 -0.26950347 -0.19512676 -0.094171174 -0.031573597 -0.021015046 0.03837297 
-0.00866267 0.00068979955 0.008992834 0.009552171 -0.003311004 0.012477119 0.01031487 -0.0040611136 0.0037659153 
-0.011612463 -0.011544021 -0.0031216394 -0.00782061 0.00017052966 0.008157932 0.059542973 0.0061474456 0.016174128 
-0.0015174741 0.0026439473 -0.010270531 -5.05281e-05 0.013894438 0.002242595 0.01408028 -0.0013609828 -0.012640046 
0.013058043 -0.008205313 -0.012608826 -0.01040966 0.00076630374 0.0028105953 0.009150771 0.0044691465 0.004072839 
0.0019801313 -0.016351303 0.0009574261 0.0018468123 -0.018644305 0.004741693 0.090794556 0.07719802 0.043140404 
0.0056153676 -0.016840922 0.0067224596 -0.009158886 0.0112000145 -0.01245362 -0.011603182 -0.0035786312 -0.0019467927 
0.43831107 0.1117114 0.20065269 -0.18453862 -0.27094063 -0.27332795 -0.14082275 -0.24087104 -0.17561856 
-0.010192904 -5.2724634e-05 0.00022643317 -0.0069421693 -0.01666604 0.009264617 -0.0047333245 -0.014004021 -0.004485843 
-0.0061033806 0.011160374 0.018672848 -0.01185009 -0.005899349 -0.009590384 -0.0061943205 0.0090431385 -0.0074360906 
-0.40609065 -0.2683165 -0.01961108 0.08675177 0.2091881 0.7780536 -0.36330557 -0.19034453 0.024869986 
0.013155423 -0.005828478 0.011292619 -0.006461289 0.014772338 -0.0064299405 -0.001494032 0.017601034 0.013450289 
0.012267333 0.013337941 0.008440869 -0.0036459435 -0.0029690552 0.0042653847 -0.010246952 0.0028045494 0.0049622287 
0.012371095 -0.000875948 0.006822461 -0.0036398347 -0.0011421749 0.008314315 0.009225006 0.008241625 0.009550214 
0.011742942 0.0045310725 0.002103652 -0.005395973 0.004617485 0.0018618096 -0.0027182435 0.0008256284 0.0047666975 
0.0042628003 0.006159392 0.013140653 -0.011969633 0.012178417 -0.004568597 -0.004547298 0.009699538 0.010678064 
-0.14872336 -0.14613423 -0.10467704 -0.020835659 -0.03939156 0.018740958 -0.025528062 -0.0009489463 0.13599889 
-0.014680969 0.010322604 0.0062409053 -0.011950917 0.00972915 -0.0022122362 -0.022445543 -0.009961948 0.012947036 
-0.016591925 -0.010823205 -0.01751789 -0.026162028 -0.050139807 -0.08358455 -0.023539161 -0.012446191 -0.01248156 
0.006704847 0.003991058 0.00064410263 -0.00032034775 0.008905403 -0.009822122 -0.012889734 -0.014030453 -0.008370454 
-0.009851354 0.010200525 0.011761765 0.00864969 0.0075564105 0.01361247 0.005944205 0.0069213985 0.0071675763 
-0.0023036904 -0.018293915 -0.017941754 0.009051993 0.0088356035 -0.059495814 -0.013564926 -0.01673274 -0.034221083 
-0.001190723 -0.00841768 0.0069300425 -0.015840877 -0.010349883 -0.0030364918 -0.0085494965 -0.010372412 -0.010157349 
-0.21360022 -0.22521167 -0.067708276 -0.22356382 -0.35755768 -0.15440701 -0.23175195 -0.22848321 -0.17888203 
0.0081420615 0.0024808203 -0.00094992825 0.0032068607 -0.014259401 -0.01532463 0.009707162 -0.012477755 -0.0052114134 
0.005080714 0.00997951 -0.00900264 -9.559584e-05 0.0043318863 0.0124231605 0.013376962 -0.004794609 -0.013838274 
-0.06871059 0.22578505 0.020946646 -0.09569473 0.0109327985 -0.059915043 -0.06928652 -0.17452024 -0.0014097055 
-0.0028721592 -0.013595644 0.007105478 -0.007460539 -0.010055588 0.0036589105 0.0080534415 -0.005240556 -0.0053887526 
0.002367003 0.003079317 -0.004488226 -0.0019056736 0.010444787 0.009352075 0.012055425 -0.0052711098 0.011606727 
-0.007879454 -0.0029227226 -0.0010244788 0.013127259 -0.0012141659 0.014078431 0.0069267424 -0.010133236 0.0031258927 
0.0069933417 0.0034436397 -0.0032899568 -0.0012985119 -0.01413037 0.00892596 0.010242619 -0.014105726 0.009716709 
-0.012962857 0.010948018 0.013212034 -0.011707617 -0.0041549103 -0.0036040458 -0.003305534 0.011947643 -0.009717143 
-0.07364297 -0.045395125 -0.10301529 0.02863522 0.078365974 0.07054646 -0.011324333 0.01478501 0.028256094 
-0.00022221966 -0.01178052 0.0018098584 -0.0073914095 0.0057923826 0.001006196 -0.0015530832 -0.012622029 0.0026539508 
-0.020619128 -0.00866262 0.006419731 -0.03093024 -0.027671756 -0.02866659 0.0016523543 0.010486971 0.0022442094 
0.002972604 0.0016148291 -0.012096753 -0.0036532097 -0.0050342493 -0.013188681 -0.0035737974 0.00616574 -0.0007327813 
-0.013937278 -0.00044124166 -0.0026159375 -0.00091539347 -0.013923358 5.0136943e-05 -0.0022383714 -0.01096121 0.0011815209 
-0.018765993 -0.0036060219 -0.010910566 -0.042277448 -0.04123898 -0.044711005 0.011790194 -0.006453434 -0.0073145027 
0.0065318663 -0.013347961 -0.0053666057 0.006792617 0.004767278 0.007106437 0.008965063 0.00425634 0.01354114 
0.025545953 -0.07858757 0.040141143 0.025458097 -0.06385853 0.032134674 -0.038619082 -0.07231038 -0.063565716 
-0.006366057 -0.004409568 0.0004374658 -0.0008382663 -0.0071298406 -0.00453739 -0.0022106909 0.0069577578 0.006110748 
0.0052663176 -0.008968597 -0.01467153 -0.017009243 -0.0062128617 -0.0056734593 -0.0024622795 0.00416542 -0.0026971293 
0.3038611 0.27380586 0.2097284 -0.4358001 -0.094925195 -0.23952572 0.022862338 -0.31497136 -0.1356278 
-0.007900566 -0.011703643 -0.013498247 0.002703198 0.00771432 0.0048674676 -0.008489326 0.00308543 -0.009233061 
-0.0024243433 -0.0014880833 0.007819454 0.010250631 -0.013553932 -0.008746287 -0.001693648 -0.0014882443 0.0023145806 
-0.0020507614 0.012475052 0.0030479322 0.008922218 0.013090645 0.011004032 -0.008485089 0.010639333 0.012665792 
-0.001624307 0.009858578 -0.006088859 -0.009004891 -0.006962614 -0.002860482 -0.0010271776 0.012574393 -0.011061066 
-0.0021329236 0.009937986 -0.0029683071 0.0056370003 0.0044929227 -0.010613243 -0.007505781 -0.00746766 0.0052774777 
-0.010858478 0.027318355 -0.03140844 -0.09067408 0.08233643 0.059859212 0.06929153 0.19687802 0.06244355 
0.0006362535 0.0036056573 0.011367818 0.008541957 -0.0030115377 -0.0059081516 -0.013809452 -0.0031239581 8.912394e-05 
-0.061987907 -0.0916306 -0.04907907 0.026568605 0.02336693 0.016760435 0.045145553 -0.023263818 0.016030453 
-0.011301382 -0.0015959248 -0.013064331 0.013532606 0.006459063 -3.2507938e-05 0.012231607 0.00990973 -0.007809314 
-0.009049358 -0.0046727215 -0.00883449 -0.008463737 -0.006008419 -0.008664014 0.0066262586 0.0013349031 0.011664669 
-0.12892748 -0.1902854 -0.19635475 0.045051932 -0.008128159 -0.007328147 0.033095386 -0.08354768 -0.05911452 
-0.017372094 -0.0335857 0.0034554603 -0.0036764166 -0.016335078 -0.004024998 -0.016626103 -0.03295203 -0.022310387 
0.24052496 0.30343333 0.41271785 -0.0481533 0.060897946 -0.13104957 -0.2831483 -0.5392705 -0.41451904 
0.0011184494 -0.007878685 -0.0051402445 0.0028354225 -0.015952038 -0.025795909 -0.024983345 0.017366603 -0.006954583 
-0.00026314726 0.00031148898 0.003871413 0.007020159 -0.011588127 0.0061961114 0.007229362 -0.0131031545 -0.009043882 
0.13940379 -0.086919814 -0.03368685 0.13815586 -0.098169394 -0.06660009 0.07892464 -0.06612601 -0.06123241 
0.0024385448 0.006367161 -0.010816482 0.010101827 0.001292065 -0.0008876099 0.001845093 -0.005298118 -0.008268539 
-0.011522445 0.008976545 -0.011122338 -0.013549296 0.006257159 -0.0061435476 0.009807465 -0.01111171 -0.0044283504 
-0.012468543 -0.010993007 -0.0027056865 -0.0033552048 -0.007910497 -0.0028587205 -0.012794721 0.0024107657 0.011059644 
-0.0017430162 -0.011379454 -0.0031373533 -0.008683604 0.012976835 -0.011922955 0.010568959 0.0060710353 -0.0031188321 
-0.01300778 0.001842674 -0.013134163 0.0090189185 0.0016649654 -0.012176448 0.010573808 -0.011338942 0.008894097 
0.0015538626 -0.027934544 -0.03643461 -0.015520216 -0.016016617 -0.011901933 -0.004676973 0.017077757 -0.009138104 
0.0036708114 -0.0060096355 0.0004225419 0.003963266 -0.013813297 -0.0148916785 -0.0057146135 -0.0015151587 -0.008994336 
0.017118296 0.005931171 -0.0027632911 -0.01912702 -0.016308008 -0.021466058 -0.018004429 -0.021809395 -0.02234487 
0.009021558 0.0069171335 -0.008802612 -0.007862088 -0.01151792 0.009708778 0.0005347608 -0.0050680884 -0.012883054 
0.008180256 0.011466339 0.0062084794 0.011114121 0.009932182 0.0062467135 -0.0032158855 -0.0064137317 0.007389647 
0.022098841 0.023080088 0.008606656 -0.019111257 -0.007745129 -0.016431058 -0.011887826 -0.01789889 -0.019103505 
0.0027234552 0.0055837776 0.0050785122 -0.012319243 -0.0057748826 0.00015723975 0.00054755685 -0.012199314 0.005772039 
-0.05954887 0.097956166 -0.03521816 -0.05058117 0.10554811 -0.09202244 0.01650649 0.115299545 -0.0853456 
-0.0011114834 -0.013213619 0.00028655276 0.0053259404 -0.006299108 0.011581264 -0.0004050949 -0.0052766404 -0.0077091265 
-0.028125528 -0.020339914 0.008895637 0.00012975479 -0.011523242 0.014942687 -0.018234251 0.0032403013 0.021562012 
0.089780785 -0.124214865 0.3055837 0.20322956 -0.3453516 0.15333769 0.26375216 -0.36716413 0.03636958 
-0.004498971 -0.008743249 0.022190362 -0.0064316373 0.0020022814 0.00026007497 0.00063810823 0.0027560743 0.01594434 
-0.008487378 -0.001194199 0.0036273105 -0.008577089 -0.0056541194 -0.010779991 0.011649068 0.0045684786 -0.012303038 
0.010871528 0.002913772 -0.004214097 0.008200055 -0.0021584106 0.004304375 -0.013915488 -0.011679913 -0.0049793334 
0.009520314 -0.015161073 0.020656886 0.0024365007 -0.014345567 0.0067571895 -6.0300703e-05 -0.0020287472 0.016321912 
-0.009468123 0.009897867 0.005283713 -0.011460127 -0.004957725 0.00939499 0.008156105 0.0066862777 -0.0033469205 
0.08076485 -0.04540996 -0.011974905 0.060865633 -0.00918713 -0.010964026 0.04530869 -0.08556462 0.0016515948 
-0.011591096 0.0067683975 0.0016658521 -0.020501647 -0.012537846 0.009756051 -0.008581506 0.0034883912 0.020761456 
0.0049832314 0.03124761 0.021642806 -0.07511261 -0.0510749 -0.061724517 -0.100586 -0.106618986 -0.092931196 
0.0039232452 0.0004464613 0.010086823 -0.0049267756 -0.013890332 -0.0019274079 0.008964779 0.0043527246 -0.0013211066 
0.0047371215 -0.01260249 0.0026299548 0.0039256555 -0.0024133378 0.008366263 0.0009140448 -0.004230109 -0.0034412376 
0.077838846 0.12105141 0.12163842 -0.07320589 -0.05037693 -0.022686467 -0.072619036 -0.05867091 -0.07008966 
0.015542927 0.0061584273 0.0069288923 0.0045074834 0.008597325 -0.0048512206 -0.012621761 0.009359272 -0.008846423 
-0.01571087 0.02382638 0.14316471 -0.33499223 -0.19620529 0.093203634 -0.29251006 0.13424492 0.334522 
0.015705274 -0.01184053 0.0010977862 0.005511678 -0.0066372566 -7.0543676e-05 0.011716711 -0.0067388625 -0.010677751 
-0.009089138 -0.003142928 0.0077759847 0.009672481 0.004648299 -0.012334132 0.00813965 -0.0047778916 0.0049677743 
-0.121594146 -0.12568894 -0.43212628 0.1358199 -0.039175313 0.34844238 0.1620489 0.32624802 0.0833687 
-0.012354008 -0.0039218427 -0.00016044875 0.0003757694 0.0071997317 0.009111589 -0.0043107406 -0.009742286 0.011902452 
-0.0044046766 0.0005314319 -0.011310314 0.0045408453 -0.0018852175 -0.01045638 -0.00020410579 -0.0086540105 -0.004163133 
0.002384183 -0.0067435396 0.006364035 -0.0007987196 0.0007524907 -0.011411039 -0.0010657585 -7.4479074e-05 -0.0070514185 
-0.011719528 -0.0066492734 0.00022350837 0.008257072 -0.009107203 -0.0036337133 -0.008934296 -0.007055968 -0.0069199405 
0.003083738 0.0033736369 0.0023906452 -0.0028082526 -0.012248824 0.0062332144 -0.013959844 -0.012654044 0.008929936 
-0.0926723 0.0051561063 -0.055044085 -0.015740784 -0.09409407 -0.028099265 0.10288413 0.104004644 0.18934005 
-0.0018124591 0.0054439506 -0.01453645 -0.010665855 0.005328915 -0.00625212 -0.0050694924 0.0009359559 0.01408985 
0.020589322 0.005416216 0.0010468975 0.033872217 0.019921428 0.0013154631 0.09573261 0.11601326 0.14799802 
-0.0061492277 -0.010103162 0.0021437774 -0.0031466621 -0.009131435 0.0064693065 0.0066864686 -0.008452109 -0.0006604991 
-0.005908642 0.0049191224 -0.0017353054 0.004603617 -0.0026213697 -0.00022373088 0.0018228494 0.005532754 -0.010913988 
-0.012396141 0.00048931275 -0.010802971 -0.011596161 -0.0034764188 -0.037705597 0.093800165 0.09392268 0.11099167 
0.008088996 -0.0016654428 -0.004818283 0.021360356 -0.0054436936 0.0017189347 0.0138316285 0.021900143 0.03311562 
-0.122417435 -0.3275112 -0.1517713 0.09100269 0.15386952 0.016171446 0.43013987 0.13302056 0.40757632 
-0.008575775 0.0061876187 0.014009431 0.014658089 0.0090907095 0.007961998 0.01717811 0.008481958 0.020829009 
0.0048373276 -0.023469621 -0.019585406 0.004040926 -0.0014236296 0.007402482 0.021520847 -0.016601998 0.008143671 
0.3511801 0.009357254 -0.2838902 0.34386057 -0.1049462 -0.45832667 0.44605732 0.27299616 -0.20040242 
0.01759495 0.017864922 0.022586461 -0.005221394 -0.0077632815 0.010135542 -0.0041559804 0.0023556508 0.0152409915 
0.010901654 -0.013122533 0.016535122 0.0033283145 -0.003417224 -0.005709472 -0.005947845 0.005879488 0.009988809 
-0.0042606676 0.005157423 -0.009448393 -0.0071924557 -0.0059317155 0.013673687 -0.00010467528 0.005091951 -0.009958349 
0.0103098685 -0.010264335 -0.01302712 0.0031351643 0.013196877 -0.0068850843 0.01717328 0.0145674795 -0.008321731 
0.01290665 -0.002420365 -0.008339967 -0.013456783 0.0124509195 -0.011117307 0.013997438 -0.014064659 -0.008623193 
-0.046727505 -0.082261086 -0.11794329 -0.1079024 -0.15948468 -0.16153523 1.1372908e-05 -0.025431637 0.010842933 
0.009865668 -0.012699936 -0.0104193445 0.013152335 -0.029740773 0.014219018 -0.0119819045 -0.0011415355 -0.0036225165 
0.03190514 0.031281225 0.042774044 -0.040164903 -0.047979005 -0.04312511 -0.09768192 -0.1328665 -0.10985355 
0.0077577387 0.0004290794 -0.011042961 -0.004789228 0.003513697 -0.0027239234 0.0010096263 -0.008561552 -0.0058081993 
-0.007352748 -0.008922958 -0.0067830747 0.010365177 -0.0010847993 -0.011402626 0.013932646 -0.009324162 -0.010242578 
0.13402437 0.1647649 0.16386996 -0.061893936 -0.022219522 -0.019261831 -0.13358918 -0.09927937 -0.08523206 
0.005882928 0.00040277015 0.0008185958 0.005669758 -0.017301176 0.00404664 0.0094897095 -0.008661856 -0.00022154672 
0.40127778 0.08751054 0.085605614 0.028968869 -0.15056013 -0.19513617 0.066965945 -0.05879363 -0.03308759 
0.016300127 0.019784307 0.012478773 0.012059276 0.017215231 0.021040352 -0.011837737 5.583668e-05 0.004228078 
-0.004695534 -0.010422711 -0.009822199 -0.0007496972 -0.01912785 -0.0057215956 -0.004565527 -0.020870825 0.0062735337 
0.20311517 0.052024685 0.057894513 -0.19899912 0.07921041 -0.19577828 -0.042559 -0.3589253 -0.09531854 
-0.021345677 0.0030084345 -0.010556051 -0.0032071343 -0.00028120447 -0.004288689 -0.016208258 -0.0052256775 0.005329411 
-0.006488697 -0.0009879312 0.007607929 -0.0023927137 0.0011853811 -0.010398253 -0.0021412203 -0.0037774392 -0.011681083 
0.00986295 -0.0028797507 0.0054807956 -0.00856711 0.005208487 0.008790257 0.010913443 0.004607583 -0.0007180869 
-0.006873345 -0.011112642 0.005227315 -0.008216241 -0.006969917 0.001012022 -0.015393809 -0.008859065 0.0061969557 
-0.010590192 0.012919044 0.0059296703 -0.010701577 -4.2828593e-05 0.011343036 -0.0080092335 0.011345385 0.011351936 
-0.017915612 0.0077134864 0.1144278 0.12372144 0.0012136876 -0.08632839 0.20029733 0.1664734 0.23871927 
0.0059913145 -0.007516127 0.009163304 0.0039550806 -0.0005951232 -0.00045030503 -0.005426654 7.9102465e-05 -0.0071730637 
0.0023873674 -0.012081217 -0.034379896 -0.015594604 -0.050362367 -0.029632065 0.14149545 0.13711444 0.15072395 
-0.0019138121 -0.0035031815 -0.006529414 0.00039016493 0.004277483 -0.0034222282 -0.0028110025 -0.013309128 0.0023045521 
-0.014066435 -0.0055574127 -0.013211549 0.0075492444 0.0053193658 -0.0026296284 -0.01003439 -0.015032494 0.0019117038 
-0.015949998 -0.059522934 -0.08809196 -0.087118015 -0.1448705 -0.1547992 0.13175334 0.10480628 0.12316561 
-0.0033387858 -0.016316539 0.0026044007 -0.012420333 0.0069841333 -0.010899116 0.008425044 -0.009838722 0.015345631 
-0.12610951 -0.17006901 -0.2368159 -0.04872746 -0.15690075 -0.019539323 0.02471701 0.05839086 0.20647499 
-0.0012262046 0.0007879515 -0.009087024 -0.00084619 -0.0038449666 -0.016396688 -0.02082281 -0.00889181 -0.00018150121 
0.0032690465 0.015127892 -0.0132421665 0.020493336 0.012501093 -0.024942366 0.026690226 0.010855884 -0.0042694774 
-0.24804394 -0.029527357 0.34000063 -0.48245287 -0.18301734 0.510404 -0.48640674 -0.18594061 0.36445042 
0.0054949396 -0.0032860148 -0.00954998 0.0154730845 -0.0013135561 0.0011014647 0.0053856745 0.0017967483 0.008142798 
0.010479282 -0.010480781 0.009574796 -0.010844383 0.0039959475 -0.0028970847 0.011949842 -0.010822817 0.00045776792 
-0.0043184073 0.010873852 0.012395812 -0.007965442 -0.00783016 0.0019869604 0.008853112 -0.0013256508 -0.009006168 
-0.010001184 0.013659508 0.0035252932 -0.0074246717 0.009913516 -0.0044341167 0.0005219769 0.006848107 0.01673154 
0.009966055 -0.00644062 -0.0030602508 0.007950612 -0.0027162973 -0.00052527053 0.005750427 0.010935666 0.008891504 
-0.059551656 0.038741298 -0.004218899 -0.0030411258 -0.01957371 -0.109026164 0.031293053 0.08204998 -0.02844717 
0.023594175 -0.020994147 -0.039666403 0.028411726 0.007518796 -0.020053921 0.031200416 0.017385954 -0.026251838 
0.008167687 -0.01718455 0.026664766 -0.14083323 -0.1197761 -0.10185396 -0.11122532 -0.13108885 -0.09041021 
-0.013958475 0.00056003634 -0.002053393 0.0015980524 0.0055736466 -0.0029377628 0.0067891213 -0.009636728 0.0026157175 
8.508972e-05 -0.010158298 0.012142319 -0.009252703 0.010871707 -0.0065411543 -0.0073123737 0.004719618 0.009191161 
0.09918392 0.07227206 0.16183789 -0.122177616 -0.11843809 -0.04705056 -0.115220614 -0.11288109 -0.05747823 
0.0069456543 -0.008563901 -0.015666006 -0.019305455 0.0025477114 -0.016898643 -0.004115575 -0.020684207 0.0054552867 
0.15025714 -0.10780479 0.012658025 0.2910817 -0.30595207 -0.25119168 0.3314279 -0.1293298 -0.17921475 
-0.0097017465 0.016520418 -0.013251337 -0.0011814401 -0.0071468647 0.00827144 -0.006405394 -0.0045928694 0.005370052 
-0.00036486913 0.004445022 -0.011012909 -0.0042622695 -0.007184329 0.0036581317 -0.012294714 -0.010651906 0.0062984587 
0.30021402 -0.20658736 -0.101867646 0.18076472 -0.23924063 -0.2652411 -0.20465557 -0.024423392 -0.14767785 
0.0070739053 0.006672632 -0.0073505505 0.0013249706 0.0017399396 0.0028832904 -0.010541343 0.0056779757 -0.006187862 
0.0010567848 -0.013580182 0.008230661 -0.014462138 0.00089002843 -0.009592039 -0.006681807 0.007083038 0.010686778 
-0.013006826 0.009655185 -0.006207297 -0.008358357 0.0026467603 0.0065111434 -0.0043395064 0.007787432 -0.013346308 
0.0054392647 -0.0024451097 0.009096559 0.007629914 0.008173317 0.007323619 -0.006401526 0.010329828 -0.004968494 
-0.005373681 -0.00909177 0.00713332 -0.013439471 0.0068484647 0.010617654 -0.0069225263 -0.0083340565 0.013894249 
-0.09715536 -0.08972572 -0.059974127 -0.0986788 -0.0012358548 -0.12626727 0.1397212 0.09200411 -0.17209484 
-0.012168642 0.006195759 -0.0143338805 -0.003081006 -0.010994641 -0.006069567 0.009638431 0.0059412853 -0.0055179964 
0.0061455322 -0.0070182914 -0.016169734 -0.05520224 -0.09108391 -0.042003248 -0.034798548 -0.014610224 -0.026477285 
-0.00753054 0.0051585627 0.0111792525 0.0089687165 -0.013268725 -0.0013513009 -0.0057074674 -0.0006142472 0.005703866 
-0.0041898964 -0.0023977484 0.012099231 -0.013103818 -0.0017211596 0.012931003 0.00043486987 -0.004903239 0.008972156 
0.04871786 0.03629871 0.0049520913 -0.048597522 -0.086975 -0.04233247 -0.026159052 -0.043426298 -0.030878823 
0.0005314696 -0.019130887 -0.005398332 -0.01971021 -0.025848756 -0.015061188 -0.011399063 -0.021107344 -0.009751769 
-0.14384827 0.2723968 -0.06995049 0.16868396 0.278168 -0.2948746 0.31203935 0.09252087 -0.28792226 
-0.001880046 0.0022025292 -0.01474018 -0.02257641 -0.00783491 -0.004067619 -0.011830222 -0.0072098398 -0.0035501472 
0.0008576566 -0.014425832 0.0032567019 0.003313362 0.004344626 -0.006581433 0.0033022037 0.0030248282 -0.009822959 
-0.004172904 -0.0027266198 -0.01721046 -0.012978086 -0.0071585057 -0.01563135 0.011684164 0.01792065 0.013340519 
0.002662224 -0.0030962771 -0.007830185 -0.018102631 -0.0056383545 -0.0017247407 0.0063541927 -0.0038221288 -0.00892494 
-0.009194313 -0.015804224 -0.008298248 0.0071767387 -0.0033196693 0.0016162718 0.0029616547 0.00088532554 0.0028072277 
0.0034145666 -0.0065797307 0.00840957 -0.0011903087 -0.008813653 0.006605277 0.0075946106 -0.00035494193 -0.004996982 
0.011635298 0.0057400693 0.0025911955 -0.005966839 -0.0010256021 0.012425806 -0.003547898 0.0138051715 -0.0018417597 
0.012395456 -0.009261887 -0.005071107 -0.001531746 -0.009636326 0.013815655 0.0076113343 -0.0065743783 0.0034203464 
0.007705667 -0.019276345 -0.018951107 -0.0055488613 -0.014367966 -0.004044059 -0.0020633095 -0.0021002067 0.010648743 
-0.011083001 -0.004285296 -0.009637436 -0.0008117578 0.0041550174 0.010407585 0.0018555823 0.005313567 0.00349944 
-0.0072576185 -0.0025639834 0.0005805429 -0.012053665 0.0040433356 0.0052164225 0.0045272075 -6.265116e-05 -0.006792001 
0.012522601 0.0011145602 0.00880217 -0.004054131 0.0049053575 0.009683676 -0.013921177 0.002950284 0.0050445925 
0.0068417783 -0.0026704168 0.0030844149 0.009417904 0.0023233488 0.0115145 -0.009787639 -0.0007351021 0.013051231 
0.008202943 0.0048763934 -0.0035599784 -0.0031943738 -0.000905741 0.004056741 0.009551446 0.014060567 0.008838572 
0.0073659685 0.001110194 -4.492705e-05 0.009944698 0.008003266 0.0068249395 0.0063976888 -0.009466533 0.010202181 
-0.02364215 -0.016007949 -0.013965092 -0.011514319 -0.007945781 0.0046464093 0.004985296 0.0021758494 -0.0071776137 
-0.009921102 -0.0018547087 -0.0068879505 0.0041700765 0.00876025 -0.011654331 0.008826312 -0.01458437 0.0009858392 
-0.008912797 0.005474137 0.012199687 -0.008881993 -0.0032271221 0.020247374 -0.019414537 0.0012755191 -0.007517822 
-0.37186328 -0.31475323 -0.27498278 0.15238185 0.31623477 0.08789291 -0.1287801 0.009660467 -0.3198417 
0.003076867 0.0051321816 0.014209993 -0.008360159 0.003956003 -0.0017324296 0.011554456 0.010621985 0.006116226 
-0.0075270133 -0.006436064 0.003433077 0.0028302965 -0.009254718 -0.001290129 0.0074920715 0.0009938177 -0.003280627 
0.007368253 -0.012874457 -0.0014915696 0.00092685607 0.001628993 -0.004553032 -0.001907293 -0.01195333 -0.0007409054 
0.0046708356 -0.010102397 -0.00018029858 0.0025118708 0.0063147503 -0.004710905 -0.0071044248 -0.011470444 0.00779963 
-0.004818498 -0.0059170984 -0.008819712 0.013668672 -0.005738814 0.0014539436 -0.0029087784 0.0013570004 0.012235378 
-0.12207778 -0.15439205 -0.10139469 0.11815895 0.0325287 0.07972969 -0.038560558 -0.08299045 -0.037957586 
-0.008962655 -0.00073663157 0.00346955 0.003972863 0.01394855 0.009999111 0.00058812 0.0031788158 0.015676262 
-0.016571086 -0.0046170596 -0.0005044323 -0.028090624 -0.02634955 -0.06243876 -0.028524458 -0.043863893 -0.054804742 
-0.013920489 -0.008784953 -0.0016937136 -0.0006417186 0.011936364 -0.0016650439 -0.008915085 -0.010992991 -0.0050668693 
-0.0018806576 0.0070524863 -0.0024891568 0.003462311 -0.0034926238 -0.0073545263 -0.0026004927 -0.009145579 -0.010962146 
-0.02320053 -0.0027598648 -0.0099355215 0.10420246 0.12487062 0.1016719 0.0091141155 0.061705243 0.009204645 
0.0058987294 -0.011848283 -0.0047834706 -0.0057214596 0.0012517108 -0.008365284 -0.0027822666 0.0076342314 -0.0028450114 
-0.34985474 -0.20247242 -0.20648748 -0.042819373 0.25288326 0.4785749 -0.4092373 0.04682942 0.5588468 
0.012227646 0.004107809 -0.0123363435 -0.013413089 -0.0113730505 -0.0020161544 -0.009686349 -0.0024177956 -0.014133279 
0.00283273 0.005394688 0.01097724 0.00093166827 -0.004228571 0.0048042703 -0.00857505 0.011280304 0.01300035 
0.07675262 0.10112509 -0.14420626 0.21784376 0.07504729 -0.31148466 0.20103782 0.07953626 -0.31566316 
0.0036636645 -0.009201118 -0.005217052 -0.005237667 -0.0060322294 -0.0073106918 0.011332881 -0.0018758104 -0.0034588166 
-0.008372986 -0.012877623 0.0025861033 0.0075330823 0.0059344326 -0.01151659 -0.009701985 -0.010500983 0.012285978 
0.0010793511 0.0068822885 0.010807798 -0.009816712 0.0047494234 0.011156071 -0.0003802 0.00012997013 -0.012008811 
-0.0029752038 0.008227633 0.0054731164 -0.010724119 -0.009258887 -0.008029584 -0.011096617 -0.0014592351 -0.003242105 
-0.0052149235 0.011623098 0.0077605895 7.788391e-05 0.007268824 0.0075763655 -0.012294463 0.0025397982 0.008876859 
-0.05788885 -0.14827907 -0.116945416 -0.06826381 -0.09036691 -0.14720222 -0.006377796 -0.011949887 -0.036185224 
-0.008439033 -0.0057526706 0.0020558236 0.0036983828 0.0030981612 0.0003202468 -0.015677573 -0.0056610303 0.009648028 
-0.0052516223 0.028141616 0.015790543 -0.054145087 -0.05022396 -0.07106741 -0.08272128 -0.07622818 -0.08809763 
-0.008222595 0.007627684 0.013553439 -0.0029193691 0.010165098 0.012328182 -0.0109304 0.010862271 -0.0010381173 
0.002264725 0.0061771832 0.0126646655 -0.004224273 0.011533542 -0.00035662716 -0.008583395 -0.0029184166 0.013725748 
0.06223398 0.11978048 0.11332131 -0.059059713 -0.014514887 -0.0071538 -0.07131497 -0.044346 -0.06723216 
-0.0053430926 0.0032518972 -0.018805966 0.008944298 -0.012359586 -0.00912499 0.00040841245 -0.019460475 -0.002651316 
-0.0647751 -0.11314229 0.26881692 -0.3206634 -0.120940275 0.34692496 -0.29433122 -0.01671567 0.38446823 
-0.0047606383 -0.0073540625 -0.0074457307 -0.0113491425 -0.015438768 -0.012627647 -0.026800968 0.006320508 -0.010229811 
0.02508986 0.004819586 -0.009674131 0.017549053 0.020284744 -0.0068182526 0.011678216 -0.0065147 -0.014395529 
0.2482059 -0.23596013 -0.5847315 0.6605449 0.3632727 0.0051529948 -0.037016645 -0.20837292 -0.38256574 
0.007532362 -0.002897624 0.0005502346 0.009902272 0.00037731166 -0.009797852 0.014190166 0.009563287 -0.006594552 
0.0115486635 -0.0045773545 0.003888076 -0.007403608 0.010002233 -0.007836048 -0.006330122 -0.010603355 0.0020818338 
-0.007905091 0.01130578 -0.0015401026 -0.0018593982 -0.009211401 -0.008234973 -0.005811613 0.0024735185 0.0028001196 
-0.005292597 0.004005936 -0.003542985 0.0013468211 0.008824543 0.004049558 -0.013337618 0.0016287445 0.01454726 
0.013205984 0.013417385 7.2153896e-05 0.013200246 -0.010645775 -0.00027323107 0.011002066 -0.0072991448 0.0013449175 
-0.24901205 -0.24509247 -0.26134732 -0.011409342 0.10278654 0.08318985 -0.016313994 0.058029514 -0.14969455 
0.02283732 -0.00011137687 -0.0071103545 0.0034788765 0.010721083 -0.0014226243 -0.00076636166 -0.010273312 -0.0013890441 
-0.010108211 -0.018337805 -0.009329329 -0.10837903 -0.17191215 -0.15428926 -0.05122504 -0.04001257 -0.040405624 
-0.00017082467 -0.013105342 -0.007150224 0.0027285235 0.012168518 0.0103975 0.011656298 -0.0030922717 -0.009756215 
-0.0115718 -0.0022550009 0.0012747822 0.0045245746 -0.0065404912 0.003684763 0.0018972799 -0.0069981976 0.0009212126 
0.045304425 0.040888134 0.043332897 -0.057385087 -0.11591777 -0.0855322 0.011228294 0.017968986 0.019484393 
0.012610974 -0.0027275754 0.0013420687 0.007350909 -0.020866591 -0.024316985 0.0073802597 -0.017183332 -0.0012279532 
-0.27490196 -0.037122622 0.051728066 -0.35104942 0.18176569 0.22868253 -0.35448226 0.10244202 0.13642198 
0.0039864006 0.0055896016 0.0035864715 -0.0148670105 -0.007052853 0.0010945769 0.011223226 0.008973128 0.001222916 
-6.1809515e-06 -0.003181721 -0.00074982684 -0.007127006 -0.01220672 -0.0046818457 -0.0095337145 0.0014919534 -7.2197545e-05 
-0.013820558 -0.0116044 -0.013802655 -0.0076717148 -0.0030087444 -0.009780598 -0.005021356 -0.0027473161 -0.012032457 
-0.012317209 -0.007639225 0.007559997 -0.0023282787 -0.0023659728 -0.0129600335 -0.0070817047 -0.011856411 0.0016778657 
-0.015396068 -0.008969045 0.0049200845 -0.006166372 -0.0008950822 0.00026072774 0.012038373 0.0024355538 0.00478104 
-0.0137944585 0.01130051 -0.008996123 0.011407372 -0.012801467 0.011281768 0.013890469 -0.0030773778 0.008230318 
-0.013637293 -0.0036537463 0.007557259 -0.01152958 -0.0029965932 -0.005102177 -0.012408066 0.003175995 0.0020954371 
0.011438895 0.010944531 -0.0015274193 -0.003810887 0.0029448713 0.0054121534 0.013444083 -0.00987091 -0.0050426 
-0.012601696 -0.030620677 -0.0077754576 -0.02714025 -0.025735414 -0.01642557 0.03987484 0.029780263 0.035974454 
0.007719753 0.0059986343 0.0012607189 -0.017251268 -0.0022676685 0.007530927 -0.009776555 -0.012035455 0.009207789 
-0.0016652409 -0.0032137919 0.013998777 0.009895866 -0.01015581 0.013271852 -3.7980088e-05 -0.009046968 -0.0014848609 
0.013557682 0.00056222733 0.0060425936 0.006644569 0.010435154 -0.0030471336 -0.00046068305 -0.013947213 0.002488484 
0.0013470764 0.010571063 -0.0075481455 0.013153293 -0.011584809 0.011856742 0.008829984 -0.0006881513 0.0021106699 
0.0021033713 0.007875753 0.014058925 -0.006093252 -0.004374512 0.0065105017 -0.009699938 0.0056403107 -0.0118254805 
0.0027214026 -0.0018935655 0.0032359564 0.007631839 0.0027617652 0.008058213 -0.011819546 0.0055220504 0.011592508 
-0.01566284 -0.013322262 -0.01913277 -0.011246909 -0.006107851 4.7560243e-05 0.009179192 0.0053789015 0.007497556 
-0.01204304 0.004100563 -0.0027971673 -0.00094847044 0.004185107 0.0054763537 -0.008506363 0.0039405734 0.0022788895 
-0.0044794832 -0.0008335359 -0.015266714 0.019213261 0.013760721 0.0019620599 -0.0071393885 0.021151897 0.0152382 
-0.057576977 -0.22804394 -0.22226185 -0.10578418 -0.11203466 0.028995095 0.15478098 0.08755744 -0.016803632 
-0.009867929 -0.009652654 -0.008275974 -0.0071687438 0.0055027967 0.008882668 0.01666087 -0.009646309 -0.0012285056 
0.014909452 -0.0017608874 0.0076740687 0.00901544 0.0029663937 0.007159315 0.005956748 -0.011793067 0.015389103 
-0.0007760097 0.0085093705 -0.0060553118 -0.012941979 0.007878327 -0.0033635288 0.011497735 -0.008061693 0.003148077 
0.0020041189 0.0031687082 -0.0071037966 0.0077088247 0.016068513 0.0039332076 -0.009998704 0.0016273258 -0.002793967 
0.0047678533 -0.010481679 0.002738654 0.0006083646 -0.0034218335 -0.006077718 0.009973404 -0.008030391 -0.0020255311 
-0.010090259 -0.00019424256 0.035626896 0.22288394 0.15162851 0.13129713 -0.019228892 -0.070026234 -0.0680558 
-0.0014494625 0.0019036639 -0.015995217 0.0046381797 0.0017777956 0.0075729876 0.004894156 0.01909116 0.00030738133 
-0.0027064981 0.00016731217 -0.019285144 -0.010838782 -0.020622188 -0.002993919 -0.054362446 -0.032435153 -0.019575272 
-0.005398405 -0.0054342817 -0.013844017 0.010116231 0.007893188 -0.007601365 -0.008699484 0.008783503 0.0016164765 
-0.0079300115 0.006449024 0.004539999 -0.013045143 -0.001117998 0.009133041 -0.004324847 -0.006657364 -0.009868055 
-0.0354538 -0.03670954 -0.02039654 -0.024720568 -0.014451071 -0.007446739 -0.079139836 -0.05834248 -0.057588995 
0.006442858 0.005720471 0.015482677 0.001412502 -0.0015232562 0.017043862 0.0069655986 0.005372363 -0.0005738755 
-0.21660781 -0.2695168 -0.15363643 0.25104603 0.118445754 0.2735284 0.14288194 -0.03347837 0.42348665 
-0.007433689 0.0008873221 0.009596398 -0.0007266496 0.006419157 0.009953377 0.0040656123 0.014091737 0.0011048946 
0.013213259 0.008254959 -0.0074390494 0.012400723 0.0054239496 -0.00091710297 -0.009818189 -0.004913863 -0.01427595 
0.17884067 -0.15795787 -0.54880327 0.5387592 0.37834963 0.087357156 -0.22780573 -0.2459284 -0.3465581 
-0.012703099 0.006910787 -0.009096056 0.011236069 -0.0066021313 -0.01147585 0.012304869 0.0027961945 -0.014766781 
-0.0018996038 0.00038736165 0.0032793924 -0.009003896 -0.00082387 -0.014215247 0.007843114 0.0011118787 -0.0036999967 
0.012597674 0.013345389 -0.002135813 0.005682484 -0.009027432 0.0030314175 0.002031206 0.003686203 -0.00019080949 
0.01155888 0.0122257965 0.006503691 0.002603162 0.0032720172 0.0020793003 -0.013724427 0.008107177 0.0069730687 
0.0044864533 -0.013796112 0.0030120453 0.012021686 0.0030194402 -0.010838322 0.0026376226 0.0008747377 -0.006153696 
-0.18343043 -0.21918884 -0.15694073 0.07057614 0.19262274 0.2061117 -0.033257507 0.037622884 -0.09455758 
0.018486008 -0.011180172 -0.011168195 -0.0033028186 0.016953427 -0.010128991 0.003297471 0.0028277084 0.007883331 
-0.004999799 -0.015559725 0.0019675738 -0.10274011 -0.15988499 -0.14039326 -0.022259867 -0.028924147 -0.019153627 
0.011484632 -0.0016777536 -0.005364173 -0.0016238389 -0.014337083 0.0020589042 0.0020783744 0.008601235 -0.010699148 
0.013643131 -0.0077546965 0.00067947496 0.0043263286 0.0030772118 0.0004591914 0.006376318 -0.00650525 -0.0008869442 
-0.0042812126 0.006990346 0.009121254 -0.075302616 -0.122071646 -0.10182845 0.001480719 -0.003578886 0.0125899045 
0.001779323 -0.0054010386 -0.0029505116 -0.00987281 -0.0136359595 -0.0077987686 -0.00838566 -0.005489597 -0.012587849 
-0.34908628 -0.09536345 0.12620059 -0.29777974 0.085743226 0.35090262 -0.40453467 -0.069975436 0.0752809 
-0.0022414704 -0.010433995 -0.001111861 -0.0067229117 -0.013943617 0.0047813924 0.012603108 -0.014557286 0.0054926258 
-7.685812e-05 -0.0034771299 -0.00015775985 -0.006410314 0.0072467416 -0.0045944504 0.0047539053 0.0059437505 0.0005000808 
0.12205381 -0.014314466 -0.48148462 0.27146828 0.04191117 0.35081497 0.39102685 0.3605905 0.21826904 
0.0073848967 -0.013157841 -0.0044798083 -0.01269274 0.009773582 -0.013014923 0.012150487 0.011347172 0.00812316 
0.0067631747 5.754853e-05 -0.012031373 0.00393232 -0.008059938 0.0073960745 -0.006347478 -0.006252627 0.0077432697 
0.00852223 0.005822537 -0.0018881591 0.013988933 -0.010918303 0.003522007 -0.0043116547 0.004646399 -0.005841612 
0.012709514 0.014304435 -0.00501326 -0.0084770825 -0.0047584376 0.0023591085 0.0047585205 -0.010553331 -0.010339674 
-0.010493714 0.0010082782 0.0073768673 -0.011688816 -0.009279805 -0.007986857 -0.011754284 0.0019335534 -0.008865826 
-0.13745381 -0.016766263 -0.12878641 -0.14295954 -0.19629693 -0.112232134 -0.12357341 -0.09441232 0.06865251 
-0.005978484 -0.007525231 -0.015336532 0.0037070948 0.0037844675 0.0056271683 -0.010418417 0.0059974752 -0.01485448 
0.026412092 0.011989651 -0.006875923 0.048112452 0.029371893 0.017614882 0.16077623 0.2148565 0.20435713 
-0.0042623063 -0.011453439 -0.008973666 -0.008226012 0.0068110656 -0.007547261 -0.001834464 0.011570159 -0.012428983 
-0.010577422 -0.00016887525 0.0037245806 -0.007557069 -0.0026345088 -0.008373868 -0.0048261355 0.0026913872 -0.0053563667 
-0.017413097 -0.011893641 -0.027158316 -0.03365078 -0.031890485 -0.06874994 0.18337934 0.19483261 0.1768421 
0.01305559 0.0069222404 -0.005167258 0.0048956443 0.019525917 -0.0015888154 0.030899903 0.014795909 0.011029747 
-0.14844862 -0.25182208 -0.6252331 0.2086838 0.10288429 -0.27465212 0.45705178 0.31931353 0.024250079 
0.007846086 0.029582258 0.009286464 0.010564069 0.0037131882 -0.006989665 0.03747172 0.010983033 0.028569076 
-0.012610213 -0.0024592136 -0.006086694 -0.006035095 -0.00551088 0.0066700284 -0.004007757 -0.008770256 0.0102582015 
0.26196378 0.23691916 0.31740913 0.18016937 -0.0532896 -0.02207645 -0.5500271 -0.4613597 -0.44411293 
-0.005577818 0.0075426293 -8.1924336e-05 0.004009589 -0.012077338 -0.0030769163 -0.010476064 0.0046682577 -0.013349632 
-0.00039416866 0.0062678964 -0.0016881257 0.011935947 0.008020675 0.0062628454 0.008846256 -0.008164441 0.005682409 
0.006024668 -0.00054199534 -0.005222943 0.013205645 0.00071785675 -0.009317754 0.008657045 -0.013612427 0.0007078591 
0.0042907377 -0.005497772 -0.0024106668 0.008186981 -0.0062063574 0.011818617 -0.007915445 -0.005447477 -0.011079106 
-0.005741201 -0.0030783813 0.005232296 -0.0009470117 -0.0012926573 0.011758919 0.013835011 0.011182183 0.004206947 
0.18164542 0.060857214 0.18420464 -0.14879349 -0.19180009 -0.19165903 -0.3031758 -0.30580625 -0.28828934 
-0.007518557 -0.0053818366 0.009915096 0.0101917265 0.004744563 -0.010579514 0.008898668 -0.01238598 0.009192361 
0.036957067 0.040041264 0.042017907 0.1947636 0.29853114 0.28739613 0.0003431692 0.0013307568 0.006473335 
0.013790709 0.0050249775 0.004394461 0.012782286 -0.0077385986 0.013074667 -0.0072229113 0.013686883 -0.00705573 
0.003040213 -0.014115623 0.0018780994 -0.010531634 -0.0033307164 0.011971399 0.012628085 -0.0089492835 -0.0021538674 
0.05517649 0.03958769 0.018916586 0.24513353 0.29360327 0.28516522 -0.036603678 -0.074246004 -0.04689326 
-0.012634245 0.0090369135 0.007350121 0.03416215 0.041746777 0.044166803 0.009148347 0.0045386013 -0.0069709024 
0.1707806 0.14456545 0.062473267 0.1221676 0.24356988 0.229856 -0.41228104 -0.5844778 -0.5085264 
-0.0049987156 -0.0085802805 -0.006033501 0.037210926 0.026746398 0.04314993 0.00057657587 -0.00619913 -0.010006359 
-0.010974878 0.0029579622 0.0022714387 -0.0011263635 -0.0031158032 -0.014155653 -0.011108171 -0.0041334904 -0.0028533551 
0.39336175 0.274746 -0.05035427 -0.30641612 -0.30727842 -0.22512168 -0.10697771 -0.00765178 0.30893248 
0.005319969 0.0018056558 0.012602855 0.0066848435 -0.0017135072 0.008598348 0.0056067463 -0.010123528 -0.0035755057 
-9.136997e-05 0.010756379 0.013525005 0.006504676 -0.014165758 -0.013518216 0.0065464596 -0.010736476 -0.0078769615 
0.003503553 0.0065991976 0.00114046 -0.0011326789 -0.013934144 -0.0060237255 -0.0016237244 -0.0057209544 -0.0131495595 
-0.012522687 0.0037527615 -0.014508117 -0.0061360453 -0.0017697673 0.009930577 0.009236835 -0.0063208696 0.00779421 
0.009481884 -0.010477253 -0.009508579 -0.0073063257 0.008979554 0.002530729 0.011354625 0.008108647 0.008293549 
0.026079979 0.046582416 -0.050151855 -0.18487297 0.019921929 -0.020782085 -0.10134089 0.10880006 0.0060974555 
0.004033153 -0.005588791 -0.008488395 -0.007952487 -0.006364067 0.008303321 0.005970267 0.0075840303 -0.008279636 
-0.005361134 -0.033314176 -0.0072444524 -0.026003374 -0.068608545 -0.04751592 0.008947764 -0.011249402 -0.007883966 
-0.0064325673 -0.009773678 -0.0019216505 -0.009901643 0.014166472 0.011920258 0.007858865 -0.0102482755 0.00763221 
0.011076545 0.0033216756 0.0033013513 -0.010879829 -0.013238651 -0.0035478643 0.00942397 0.0030936212 -0.0002191199 
-0.016748833 -0.018961396 -0.02622933 -0.041026916 -0.07050354 -0.03159949 0.041957315 0.012603115 0.032287426 
-0.0182321 -0.01257267 -0.022572761 -0.016489243 -0.011500037 -0.021151992 -0.0010662806 -0.0074349553 -0.014196059 
0.1060765 0.3366233 0.5356951 -0.27309296 -0.10724035 -0.16094565 -0.16195443 -0.250473 -0.38445777 
-0.0028031522 -0.015782734 -0.0018651847 -0.007947421 -0.010574894 -0.0072249444 -0.0028603384 -0.013811737 0.007827725 
-0.0030421608 0.013926542 0.013894308 -0.022099013 0.017418247 0.02317383 -0.018491471 -0.019510156 0.0006585326 
-0.4223801 -0.06242004 0.5492493 -0.5276028 -0.10446125 0.53574026 -0.6107844 -0.09902382 0.42423737 
0.00779458 0.019762872 0.014732769 0.0118128555 0.0013498093 0.025705354 0.022389755 0.004840092 0.021925863 
0.0052692755 0.009257727 0.0004431927 -0.0106877545 0.002997831 0.007278687 0.011498637 0.013647046 0.0010010706 
0.014013866 -0.0050004115 0.008235878 -0.0014726626 0.0009361916 0.002606054 -0.0011789288 0.0052561997 -0.002235027 
0.0067094434 0.004778975 0.0003545234 0.00374336 -0.005618898 0.0060094893 -0.013112899 0.0047436026 -0.0011738058 
-0.0017686457 0.010158057 0.0062960368 0.010639375 0.009317923 -0.0032800387 0.007042613 -0.006421448 0.0026689796 
0.036774334 -0.019440347 -0.018920712 0.07516344 0.030347008 -0.20880137 0.025227532 0.011967619 -0.10904168 
-0.01832458 0.0060817474 0.0149242785 -0.004214558 0.01788227 0.036090456 -0.04156473 0.00027699023 -0.013811466 
-0.0010607915 -0.020561228 0.034696586 -0.102179386 -0.15645309 -0.09357268 -0.13147414 -0.16884772 -0.115130424 
0.007878498 0.004837225 -0.005236244 0.0025190911 -0.002803931 0.012240631 0.012231723 0.009298638 0.0042218873 
0.0051945774 -0.010813267 0.002252984 0.0060116407 -0.0023738036 -0.0022263303 -0.008438519 -0.010677285 0.01215336 
0.11885554 0.09075638 0.22684349 -0.03558929 -0.08967421 0.030712921 -0.057559017 -0.095527165 -0.029849453 
-0.007322178 -0.0062844763 -0.011050372 -0.010719931 -0.021488735 -0.009895608 -0.019434499 -0.021513205 -0.019132521 
-0.3285686 -0.10215912 0.445961 -0.40511104 -0.28421262 0.3830441 -0.2794352 -0.11213548 0.595983 
-0.00906178 -0.008971867 -0.009169291 -0.0032951252 0.0018093169 0.011929322 -0.0022354696 -0.0018547097 -0.01959938 
-0.013409031 -0.024347436 -0.0050391345 -0.0010551497 -0.0039198007 -0.0066326368 -0.01031257 -0.017224127 0.0039961752 
-0.14729732 -0.21840659 -0.28388038 -0.088266365 0.04005272 0.19084802 0.101459 -0.0001400981 -0.050680455 
-0.007183647 -0.0059109875 -0.010007954 -0.014673201 -0.018554628 0.00091340084 -0.010154051 -0.010487207 0.004739653 
-0.003592605 -0.0032923333 -0.01409082 -0.011280239 -0.007391938 -0.009965427 -0.012710607 -0.015297521 -0.005266018 
-0.0032892583 0.0008174217 -0.004455547 -0.006857722 0.000956171 0.0071858596 0.0068304106 0.009872404 0.002893914 
-0.014210273 -0.015105875 -0.008809131 0.0051076286 -0.009391672 0.0019660823 0.005351929 0.0013108262 -0.010547577 
0.0050547607 -0.0018936604 0.0010592603 -0.0028951662 -0.012198823 0.012794461 0.004805822 -0.014140639 -0.010361858 
-0.027245928 0.03001899 0.06250076 -0.064199366 -0.15202194 -0.0265942 0.15165924 0.034283325 0.013924247 
0.008912263 0.002652325 0.012389675 -0.005168474 0.0015826628 -0.004624562 -0.0003310382 0.002704201 -0.0139622055 
0.01057056 -0.026102994 -0.0007204164 -0.051217467 -0.08904462 -0.050096057 0.23214345 0.20947921 0.2186685 
-0.0114363 -0.001888238 0.006384484 0.013359414 0.0021647916 0.014026987 0.005582596 -0.0032307946 -0.004596032 
-0.007618004 0.008851487 -0.005694695 -0.0036958847 0.0013434911 -0.012257428 0.004816479 -0.0036382058 -0.0082756635 
0.0088410415 -0.030152872 -0.053655248 -0.12902842 -0.19964693 -0.20082338 0.23491514 0.16884544 0.21476196 
-0.009287303 0.004600598 -0.0059269695 0.003182696 -0.013059982 -0.0069544697 0.0031856755 -0.0013741268 0.004065204 
-0.087036625 -0.19104004 -0.19839123 -0.23467714 -0.19524908 -0.21218117 0.30500513 0.3145787 0.3910074 
-0.015987644 -0.014973282 -0.0058066286 -0.011838052 0.0026896347 0.0025196902 -0.018078811 -0.0026578405 -0.0044366517 
