-0.027221868 -0.013612454 -0.03528577 -0.01723798 -0.049188472 -0.0119352965 -0.043622516 -0.017515669 -0.020427551 
1.9140366 -0.323502 -0.54095185 1.9199414 -0.4245254 -0.84492725 1.1491386 -1.2111034 -2.242712 
-0.124398515 -0.008031391 -0.045784228 -0.10229512 0.022814408 0.026425248 -0.092419125 -0.047690894 -0.002444224 
0.0041185496 -0.013653934 0.02777012 -0.07038328 -0.08096907 -0.020122495 -0.035389002 0.039170735 0.007653989 
0.032190375 -0.023404783 -0.0006768471 -0.055758104 0.0034628834 0.015334958 -0.025603153 0.01671104 -0.036395997 
-0.012636169 -0.030418396 -0.042516664 0.059805453 -0.06365228 -0.030812474 0.045584217 -0.058314297 -0.022362972 
0.0032938444 -0.035707496 0.020722883 -0.044113193 -0.024805326 -0.0013424706 0.041804124 -0.019603198 -0.045617577 
-0.2921152 -0.7204482 -0.28296575 -0.05250735 -0.40205395 -0.0682998 1.0134813 1.2052485 1.0747261 
-0.039211765 -0.022730427 0.006488147 -0.030663794 0.00058846764 0.0006860745 -0.06158198 -0.09779813 -0.015954504 
-0.19851446 0.30307066 0.44779056 -0.7894472 -0.011531732 -0.35802984 -0.57576096 -0.5841738 -0.63486713 
-0.04845874 -0.030890023 -0.020677086 0.036867507 -0.046234883 0.024929987 -0.015560759 -0.028302994 -0.016183333 
0.0034463631 -0.026545286 -0.01809227 -0.06505128 -0.0067709144 -0.08091529 0.026726644 -0.045947853 -0.010678312 
-0.28881785 -0.39695132 0.0699225 -0.21520217 -0.5432454 0.10515948 -0.4838011 -0.5372405 -0.562409 
-0.073868416 0.06759621 0.08840396 -0.11631346 -0.054548632 0.0731322 -0.068226494 -0.031280223 -0.037351705 
-1.6459727 -1.2192632 1.6969912 -1.2475812 -0.8096991 1.8665681 -0.9612589 -0.4675747 1.4106914 
0.0042233146 0.08135565 -0.035905868 0.066844225 0.121781126 -0.08668955 -0.024718897 -0.044703588 -0.09628594 
